59 89
43 24
43 29
31 42
37 15
15 34
25 25
31 21
27 41
20 26
15 40
24 32
28 33
20 19
30 17
37 29
27 19
26 17
26 14
26 20
41 40
16 43
20 43
19 26
31 18
22 24
14 39
20 20
27 14
36 35
23 42
36 18
40 26
38 25
32 37
27 26
14 33
16 20
31 31
39 21
42 28
15 26
27 25
36 41
31 22
43 38
17 40
20 37
16 26
35 21
16 27
34 23
37 30
28 32
37 32
28 35
19 27
20 39
31 24
30 19
39 34
23 35
29 25
28 34
32 21
43 17
41 22
28 30
20 16
27 32
31 32
26 41
32 32
33 35
37 35
21 36
36 32
16 18
34 26
21 15
36 40
14 22
24 14
16 29
23 36
23 37
39 22
36 30
18 15
26 24
