59 99
16 23
26 23
34 41
41 24
27 28
24 34
37 41
39 34
18 16
36 34
22 18
18 23
35 32
41 34
21 42
23 15
39 39
36 32
21 18
38 40
20 36
41 30
15 26
18 21
20 21
33 16
39 17
34 38
38 35
33 22
19 14
39 30
29 29
18 36
18 22
20 32
17 32
27 24
24 29
34 18
29 34
16 19
18 40
40 35
22 22
29 21
15 28
43 20
14 28
40 21
28 24
17 33
26 37
34 31
32 21
43 22
14 34
32 34
36 22
29 38
27 37
18 19
26 33
35 31
17 42
37 17
21 37
27 36
24 43
42 42
18 30
22 42
20 31
33 41
31 25
25 28
16 20
17 31
42 18
34 22
21 31
19 37
36 43
22 34
33 40
23 20
34 27
33 29
21 43
17 26
38 29
22 27
42 31
35 22
43 42
42 15
31 36
38 41
26 26
