59 109
27 17
40 42
22 21
39 41
30 38
39 34
32 43
30 36
37 33
20 15
42 37
35 19
23 32
38 27
38 36
18 21
42 26
29 38
35 23
43 20
25 41
26 25
32 35
27 39
24 15
34 43
30 40
18 16
27 24
27 36
21 36
16 39
37 38
23 42
22 33
31 25
29 39
21 32
32 22
22 24
15 30
24 25
20 18
19 39
38 23
16 33
30 32
16 26
15 37
16 38
31 36
31 19
20 29
21 26
22 25
22 41
41 37
15 28
36 14
17 37
43 29
34 37
37 34
30 26
42 36
29 36
14 17
28 33
42 30
21 25
27 37
33 25
15 17
14 43
28 16
17 23
22 28
25 36
38 35
26 36
19 19
27 26
39 40
35 41
38 16
32 18
30 18
31 14
29 17
43 40
23 38
17 31
22 26
42 22
27 14
28 38
14 18
14 24
38 18
40 35
29 33
37 21
30 39
38 40
14 36
15 27
32 27
16 22
26 24
