59 119
36 27
21 33
37 17
16 42
38 38
31 28
25 18
28 33
18 35
35 39
16 31
19 18
36 18
25 15
22 42
18 30
20 18
16 43
31 18
21 43
37 41
24 43
30 39
34 22
39 20
30 17
29 21
39 36
36 41
39 29
14 43
34 41
39 27
25 37
42 19
35 42
33 28
27 20
15 28
33 38
35 43
31 39
15 22
24 30
33 29
36 35
18 43
16 15
14 19
27 15
38 21
18 14
34 42
24 20
39 19
32 30
27 25
40 31
33 41
16 21
19 24
17 26
26 14
39 18
15 23
20 36
19 43
40 28
26 31
40 19
18 28
34 28
40 30
28 34
29 29
18 21
43 15
20 39
25 43
26 24
30 25
35 23
37 33
20 19
22 21
34 23
15 24
42 35
14 24
20 33
40 29
35 37
42 21
22 35
28 41
40 18
17 35
32 38
20 23
26 29
35 41
24 15
28 30
29 14
43 28
36 15
16 34
18 22
23 17
30 42
41 30
28 23
19 26
14 16
17 25
32 23
43 22
17 22
22 37
