59 129
19 43
23 19
15 42
24 25
40 27
28 30
18 42
38 29
28 36
19 28
37 33
33 31
25 26
25 39
41 15
15 43
31 38
23 18
39 21
42 33
26 29
34 35
25 20
28 34
36 26
40 23
33 43
20 19
22 18
26 30
32 22
35 43
33 37
22 29
41 17
17 14
30 40
43 38
43 17
29 19
23 22
36 38
20 15
23 35
41 16
29 43
19 15
20 34
34 43
43 16
29 21
42 43
19 37
43 36
17 42
35 33
33 15
27 41
16 31
34 36
20 18
42 39
26 38
32 21
30 29
27 34
31 24
17 40
41 32
33 35
32 28
33 20
39 38
27 27
14 39
33 21
29 22
24 33
27 33
35 42
28 41
21 15
19 25
39 29
16 17
40 25
39 16
19 16
14 40
38 33
35 18
35 25
21 23
22 35
28 19
37 31
36 37
23 36
18 20
27 18
36 27
19 18
22 25
40 14
37 30
33 27
28 26
29 34
37 39
38 15
17 16
40 43
21 30
30 30
34 17
38 25
23 16
35 41
31 27
27 43
35 16
36 33
21 43
27 26
24 32
21 20
28 32
41 35
26 41
