59 139
22 31
18 18
26 37
18 40
33 42
29 33
36 35
34 17
27 36
32 41
19 35
32 20
20 21
20 26
15 18
42 29
43 30
29 21
43 23
31 40
15 23
24 24
32 37
34 43
25 35
31 36
41 39
31 27
35 31
22 29
19 33
27 25
23 29
36 16
34 28
36 14
14 23
35 35
28 17
41 37
31 37
29 14
29 20
15 33
39 19
25 17
33 28
16 35
20 14
23 23
28 41
19 18
29 24
14 32
19 23
22 28
24 15
36 36
28 25
38 33
41 34
17 40
28 16
30 17
37 23
40 33
32 17
32 16
35 26
16 26
27 28
30 35
18 19
26 38
38 23
23 18
37 22
19 34
26 35
37 43
20 16
18 23
33 36
34 27
31 39
36 37
14 24
39 34
29 37
36 32
25 38
21 38
34 35
16 32
39 33
42 14
17 17
36 28
26 34
35 20
36 25
39 25
21 36
32 33
18 28
39 20
40 30
42 26
23 15
24 41
15 38
25 20
40 38
22 33
22 35
16 14
33 27
25 40
40 36
26 42
38 29
18 41
39 21
18 26
19 25
27 24
24 21
35 22
25 26
16 34
41 33
23 25
25 19
16 36
19 39
39 14
18 17
14 28
18 31
