59 149
37 26
21 28
17 20
40 28
35 34
39 34
35 16
22 20
40 37
28 36
32 39
22 36
29 14
34 29
29 17
26 21
28 34
16 31
14 17
19 42
22 41
25 31
26 39
26 40
25 24
24 31
19 40
23 43
30 35
39 33
28 22
24 27
31 29
27 26
21 17
37 14
26 30
25 40
16 22
22 27
34 28
36 34
40 40
27 41
22 19
37 39
43 36
18 30
15 21
28 39
17 30
17 16
41 27
31 39
19 15
37 42
31 21
27 18
32 29
20 25
20 37
26 29
32 23
27 39
17 24
32 16
18 23
40 15
38 19
15 37
32 15
42 14
24 19
16 37
31 27
39 30
32 27
39 15
27 15
31 24
35 39
29 34
42 41
26 14
25 20
41 38
25 38
20 41
41 32
20 15
30 32
25 35
16 15
26 37
34 37
15 16
23 26
27 43
14 15
42 18
16 35
30 31
32 28
21 24
29 18
29 38
40 26
36 22
15 22
19 25
40 34
38 38
37 29
20 36
19 26
18 18
33 16
29 21
16 24
43 22
37 20
38 25
15 32
20 23
25 26
25 37
31 42
22 14
29 37
28 20
41 19
38 31
28 25
20 20
29 28
30 33
32 37
25 14
16 26
34 14
33 41
36 32
27 33
39 19
23 41
38 29
43 37
41 42
28 24
