59 159
42 35
19 24
29 36
23 19
32 20
25 36
28 32
29 33
25 27
28 19
26 41
22 21
33 32
41 22
23 20
35 27
31 17
14 23
30 22
36 18
17 14
29 18
34 38
34 27
37 34
20 34
39 43
30 36
43 26
16 30
36 15
31 27
43 40
18 36
15 17
25 29
32 32
20 38
32 36
39 41
19 18
40 40
23 16
19 29
32 38
24 28
34 18
42 23
38 33
39 19
19 17
37 23
14 40
40 21
26 14
23 39
24 14
32 15
28 39
38 16
18 20
26 19
17 30
37 26
35 15
19 39
21 40
30 21
15 23
38 38
21 17
22 23
41 29
27 27
33 14
14 39
19 25
23 34
32 34
41 16
17 35
16 15
23 36
18 16
23 27
35 37
19 33
32 43
24 17
24 37
25 39
21 23
17 18
27 40
18 14
41 26
22 35
38 25
38 22
30 23
21 28
18 37
18 39
28 25
34 14
26 31
25 31
26 26
33 28
30 30
33 31
39 23
14 27
34 16
40 34
40 30
22 26
25 26
36 32
37 42
33 19
43 22
34 20
43 35
30 38
22 40
17 39
35 29
37 33
29 22
27 39
24 16
28 41
29 43
26 33
31 18
18 15
15 22
40 43
43 33
38 31
25 18
34 31
33 15
29 42
42 41
20 43
23 38
20 25
16 42
15 19
28 17
29 25
23 28
20 30
25 38
15 35
41 28
41 14
