59 169
40 32
37 43
43 18
32 30
32 42
30 37
21 32
30 20
24 21
30 38
15 22
42 23
28 33
24 39
21 14
21 26
20 37
42 27
38 31
26 29
25 29
37 28
20 18
15 35
21 24
42 26
42 41
32 34
32 37
18 37
28 15
31 16
25 17
17 33
34 28
42 34
42 36
38 28
25 28
37 42
21 34
27 38
27 40
37 26
37 32
23 29
16 17
20 39
32 18
25 23
42 15
35 33
39 15
35 27
14 33
33 35
24 34
29 32
22 37
30 40
19 25
37 16
17 36
30 30
18 38
38 16
29 33
31 26
20 43
26 41
18 29
28 32
21 31
18 33
25 18
19 23
36 32
14 17
37 40
36 31
19 19
36 30
17 37
22 21
25 16
32 15
32 36
39 41
29 31
38 37
32 39
18 25
17 27
23 16
41 35
28 14
24 36
24 20
20 30
21 28
17 39
14 24
22 20
21 23
19 30
14 27
35 32
30 42
14 38
39 17
18 15
16 20
16 41
32 29
43 40
18 31
43 39
39 39
41 28
26 27
34 14
43 29
19 24
23 34
14 39
14 23
41 36
14 28
20 36
33 20
26 16
25 30
43 31
39 14
34 30
28 35
31 25
36 28
17 19
26 19
23 19
42 25
37 14
23 14
21 35
32 32
38 32
29 35
18 40
22 14
29 39
14 35
31 28
28 37
24 30
29 23
17 20
43 23
39 32
27 31
32 33
36 20
38 34
39 25
18 26
21 21
30 19
28 39
38 20
