59 179
30 21
19 16
18 20
24 18
26 25
21 20
15 16
20 25
16 15
18 14
16 31
31 24
39 17
19 28
32 36
31 29
15 21
21 21
43 18
38 43
39 35
36 23
32 21
25 18
19 17
34 35
43 15
28 27
14 35
23 26
22 20
30 31
28 39
29 41
22 33
28 40
27 14
18 18
20 37
30 23
16 40
30 39
35 42
21 38
30 42
39 24
29 18
22 25
35 38
20 43
43 23
33 38
39 21
31 27
37 43
41 15
36 27
21 40
14 21
35 20
24 29
30 28
29 15
30 34
43 40
15 20
40 20
25 41
22 23
24 36
32 33
31 36
15 38
32 17
20 33
34 23
24 33
24 43
24 35
28 17
35 17
18 38
29 16
23 33
22 21
33 24
28 37
33 35
23 24
42 24
42 20
19 35
19 43
17 26
34 37
30 30
38 39
25 39
17 28
40 37
34 29
38 19
41 27
17 42
40 27
20 34
40 14
39 26
22 39
27 17
14 42
23 25
16 37
21 16
30 25
28 28
15 35
23 20
36 29
29 38
14 41
34 24
24 23
34 30
36 24
22 15
18 25
26 27
21 28
27 15
22 22
22 32
26 41
30 22
35 22
36 36
31 38
42 28
42 15
41 14
26 21
37 38
37 36
36 32
41 30
18 23
15 36
33 21
38 15
33 19
19 40
29 22
31 28
35 35
26 32
40 33
14 26
24 28
42 32
27 41
28 38
43 42
19 18
19 38
18 26
42 19
21 34
26 38
40 24
38 14
22 18
15 24
16 32
39 36
19 23
33 33
32 29
35 37
19 14
