59 189
33 31
28 38
24 35
15 26
36 39
31 34
16 35
24 31
35 21
40 40
14 29
33 37
29 33
24 36
40 22
15 25
23 36
36 15
27 32
27 18
14 16
23 23
38 39
39 41
27 20
32 26
21 29
36 34
18 34
27 15
20 22
28 34
29 21
39 29
19 26
30 18
27 28
25 39
32 43
15 27
21 43
22 30
41 24
36 20
39 36
15 22
38 36
21 17
16 29
27 23
36 25
33 26
20 30
28 21
25 14
42 36
41 33
18 40
19 39
21 37
16 34
33 42
20 17
37 16
32 38
31 16
35 22
27 25
19 17
36 19
39 40
34 19
22 14
38 31
36 42
23 32
25 16
16 43
31 21
33 24
37 26
14 15
26 32
21 19
33 43
39 34
34 35
35 37
14 21
28 30
42 30
16 36
27 38
43 36
29 26
37 36
30 25
40 27
16 31
15 20
31 18
29 15
37 18
19 43
17 41
39 24
39 30
37 43
40 37
18 19
33 22
19 29
42 35
17 40
33 30
28 33
26 34
41 19
26 14
29 20
19 22
33 25
25 43
30 28
16 37
41 37
15 40
39 19
37 42
21 41
22 35
23 24
29 23
36 22
30 23
40 16
21 16
20 15
18 25
20 25
40 36
30 33
35 39
41 38
15 36
21 31
26 28
27 33
21 28
40 17
21 30
28 27
40 31
37 22
27 35
28 25
29 14
30 20
24 40
27 30
27 29
20 36
32 34
15 14
39 28
19 34
32 35
43 27
29 35
29 24
33 23
14 39
18 38
18 42
38 38
21 24
15 31
42 27
34 30
31 19
30 14
25 35
17 43
26 15
19 38
19 30
42 23
34 21
30 15
