59 199
41 22
34 38
31 17
19 17
20 32
25 38
18 21
22 21
37 43
43 26
38 17
37 26
27 19
15 17
29 38
26 36
35 36
23 18
18 35
34 16
31 41
33 14
22 25
15 24
15 15
25 36
34 41
20 43
17 43
35 31
37 37
19 34
34 17
20 26
30 38
34 23
31 36
40 40
32 25
21 25
40 25
43 32
39 16
25 29
43 28
31 29
33 17
39 28
31 19
21 22
23 21
41 39
30 32
21 39
18 14
15 28
19 20
40 22
18 19
15 14
35 40
26 14
39 17
34 15
26 31
29 30
34 29
14 15
41 19
29 16
25 19
35 37
37 29
17 22
39 25
29 15
30 43
40 39
29 22
24 38
30 41
25 32
35 28
37 27
21 26
18 20
15 23
19 29
40 20
41 21
24 42
35 22
28 38
37 34
39 35
24 40
22 16
36 33
21 43
29 37
28 26
37 16
26 41
30 42
31 35
17 25
30 20
38 20
20 29
32 31
18 29
36 28
32 16
42 24
36 42
27 25
28 22
18 30
37 31
23 16
15 31
34 40
40 15
24 28
14 33
33 36
28 31
30 19
42 38
33 29
22 41
43 27
26 23
20 24
23 38
29 42
36 24
41 24
38 39
27 21
39 21
34 33
14 37
15 16
28 37
33 18
24 22
41 30
38 31
40 16
33 32
39 24
36 37
28 40
43 43
26 42
24 36
17 33
28 35
38 38
21 15
19 43
14 39
27 43
37 28
40 17
29 31
25 43
14 26
14 25
18 18
22 40
21 29
15 27
16 36
15 36
14 29
24 16
24 32
43 19
19 18
18 37
42 14
28 18
19 27
15 32
15 21
16 43
17 32
25 16
20 40
41 25
15 40
41 37
30 40
36 41
22 32
43 37
20 33
