59 209
24 36
23 28
38 29
16 19
34 43
39 36
34 41
36 25
21 25
38 43
22 27
19 16
31 26
42 28
17 35
25 21
15 43
43 20
33 30
42 33
42 32
27 26
40 40
27 34
40 20
29 42
18 18
21 29
31 21
21 35
35 14
30 35
22 28
19 22
30 29
29 20
36 40
21 22
33 38
22 16
28 15
27 39
41 35
16 41
16 15
22 39
32 15
25 43
37 25
43 29
34 26
36 17
15 18
20 15
27 33
35 20
33 41
43 21
24 25
28 43
40 19
25 34
39 27
26 38
28 35
39 37
38 33
17 23
38 34
22 26
32 42
29 43
36 14
21 17
23 34
15 32
31 42
29 24
14 15
35 34
35 33
14 21
40 24
28 19
22 43
22 34
26 18
30 41
27 15
20 19
20 37
26 37
29 15
31 36
39 18
38 25
26 26
40 27
19 43
17 19
38 20
15 20
37 17
15 24
30 30
17 15
16 32
14 33
35 16
19 35
34 15
34 35
25 41
35 26
23 26
17 22
28 41
26 36
31 31
16 38
16 23
17 41
15 28
38 19
42 23
19 25
40 43
25 40
27 17
32 25
34 17
28 30
17 38
38 37
18 29
26 17
17 33
25 33
41 26
22 21
35 42
42 38
20 22
15 22
30 18
22 22
35 37
35 29
35 19
14 28
35 27
20 14
29 33
23 15
25 17
36 35
26 27
32 24
26 40
28 38
35 31
29 40
41 16
36 42
16 14
42 26
34 40
34 36
41 14
20 21
16 36
28 39
28 27
25 27
33 18
43 25
40 15
19 27
20 42
42 16
41 42
30 43
22 23
21 40
34 38
21 41
40 28
34 23
37 42
15 41
15 35
15 40
38 17
39 40
31 18
17 16
26 29
19 29
20 20
16 42
30 26
42 22
21 33
30 24
18 25
40 26
23 20
20 27
32 33
