59 219
16 27
30 24
27 34
40 27
21 20
21 41
32 29
33 27
40 21
43 38
22 15
15 15
22 28
16 40
29 37
40 35
23 29
36 19
41 21
15 31
14 25
19 37
33 14
32 20
35 15
42 35
32 25
33 33
31 33
21 37
17 36
20 21
17 27
20 32
31 39
34 24
29 14
22 39
16 17
40 31
21 17
30 14
14 30
19 15
17 17
14 40
18 42
34 40
38 35
17 19
16 19
27 18
29 21
38 20
22 41
34 17
17 30
22 16
31 32
42 37
38 26
36 14
29 32
20 15
43 43
36 42
26 28
37 23
21 33
38 24
43 35
18 24
37 36
23 33
25 40
38 41
36 15
35 36
30 39
42 43
25 42
40 18
18 19
32 30
38 43
35 33
33 24
25 38
23 42
29 23
27 14
24 22
28 14
16 20
31 42
28 26
27 41
37 37
38 28
39 29
19 18
15 14
23 38
26 37
26 15
20 26
35 31
15 41
18 31
43 32
39 19
26 17
40 39
26 33
17 26
28 21
18 38
20 23
15 18
20 34
30 29
28 28
16 35
28 23
18 21
21 28
21 35
33 40
40 43
29 22
32 28
24 27
38 36
22 29
17 38
26 22
37 27
15 32
42 26
15 29
40 20
35 23
27 35
37 21
17 14
22 26
35 24
25 33
30 40
43 19
25 22
27 20
28 35
38 23
31 38
39 31
16 18
21 18
18 26
14 38
43 27
41 42
28 40
31 22
38 39
32 24
35 40
42 23
41 39
16 22
38 27
35 21
37 31
41 41
27 39
32 15
14 32
34 33
15 23
27 33
36 33
20 19
30 41
43 33
14 33
14 31
21 14
33 19
14 22
29 42
15 40
34 37
39 21
36 40
24 40
37 38
15 37
30 19
17 37
38 38
35 19
19 25
41 20
14 24
41 29
26 30
14 35
43 21
29 43
19 29
28 18
18 17
37 41
27 36
21 43
19 16
23 27
36 32
29 18
