59 229
43 43
15 23
43 35
34 33
39 34
40 29
25 20
41 40
32 22
33 27
21 39
27 37
19 40
23 16
29 43
41 29
35 43
29 20
30 31
32 29
30 40
37 32
38 14
33 30
21 37
21 40
28 31
20 21
17 19
42 16
17 42
30 19
43 36
24 42
28 35
29 39
40 43
40 30
22 41
38 30
20 19
29 38
22 24
28 18
22 33
20 33
34 24
23 29
24 20
41 42
36 22
20 39
28 36
31 27
14 26
37 35
24 23
29 21
22 30
25 32
20 42
35 32
40 39
27 38
25 35
35 22
16 24
23 36
38 43
14 28
19 29
22 26
20 17
20 23
38 37
23 17
40 40
16 18
25 23
27 21
26 32
18 37
33 28
40 41
23 42
36 31
18 38
28 21
20 31
42 15
18 29
37 42
30 36
27 22
34 40
24 19
22 29
38 18
32 26
39 21
15 18
33 41
37 41
36 27
38 17
32 25
14 16
34 36
31 35
19 18
17 16
43 32
31 22
19 32
28 29
14 24
29 41
22 35
20 14
42 38
36 16
31 36
22 36
39 16
16 28
16 19
38 23
17 23
31 34
41 38
15 43
32 18
17 22
14 21
27 19
39 33
27 24
14 19
18 36
32 31
40 16
14 38
27 33
17 24
34 39
43 17
19 17
15 30
27 28
22 19
34 31
40 31
16 17
14 42
39 17
32 39
37 29
25 40
39 31
30 41
28 42
31 41
19 27
32 43
14 22
18 15
29 31
35 27
39 29
40 33
16 43
41 19
27 20
38 32
43 41
38 26
25 19
29 33
30 14
28 39
30 17
43 22
19 23
43 16
33 37
38 29
36 15
32 24
40 36
18 26
40 42
28 32
18 22
26 39
25 43
32 23
38 16
18 19
16 26
21 31
14 35
35 37
29 26
36 42
18 32
17 33
37 31
16 42
14 39
37 21
19 14
16 34
33 33
41 34
26 26
34 16
32 28
41 21
37 26
14 15
27 16
18 14
36 32
25 15
15 35
33 26
41 24
30 33
41 39
