59 239
43 31
23 19
33 35
29 25
34 15
39 21
34 36
22 14
30 33
28 29
18 38
37 21
31 35
15 43
31 25
26 40
40 38
32 40
17 33
24 27
35 32
41 35
31 16
32 26
25 41
20 40
26 19
29 35
36 42
42 27
28 41
37 26
33 21
17 18
32 30
30 21
31 20
23 21
25 29
41 20
35 30
38 36
15 16
41 26
14 16
23 35
37 15
17 17
37 33
37 34
16 36
28 17
27 35
16 20
38 22
42 39
26 30
32 32
37 36
19 14
33 19
36 37
16 18
25 34
26 26
36 34
15 40
24 21
16 21
35 25
28 16
14 22
38 34
15 41
24 24
34 19
30 36
24 18
36 25
26 34
17 41
30 16
27 36
40 14
35 26
25 25
24 28
31 21
35 38
17 30
17 31
14 17
29 29
22 21
33 17
36 33
40 28
21 33
25 22
28 39
32 29
24 30
35 16
22 32
33 29
37 17
42 43
19 25
39 29
18 19
25 38
35 23
20 36
42 21
19 39
22 15
38 18
22 40
33 32
35 43
27 39
30 28
30 35
19 42
23 37
22 41
26 14
27 28
22 38
17 43
38 15
19 41
32 37
17 19
18 40
43 27
36 32
28 35
18 25
26 36
33 22
41 36
14 41
29 38
28 22
15 42
34 24
25 28
24 41
39 14
25 26
18 18
20 38
42 19
32 41
39 23
41 15
38 14
38 38
22 35
29 20
25 27
19 29
32 39
21 16
15 38
36 29
36 28
19 43
26 37
35 29
31 28
36 31
41 18
33 18
28 24
38 26
29 19
23 23
43 33
36 14
18 20
16 16
15 28
40 42
40 29
36 41
31 30
22 29
32 34
33 43
42 35
35 35
37 40
18 15
17 24
16 35
42 33
34 27
22 22
22 17
17 15
27 16
37 38
35 41
17 22
18 17
15 34
22 24
41 34
24 20
26 38
26 22
27 17
41 22
22 37
26 42
36 22
41 32
39 22
17 36
40 15
35 31
36 30
18 42
23 28
15 14
21 29
43 24
29 42
14 14
28 25
29 22
16 32
40 40
14 21
34 34
23 40
40 32
