59 249
33 18
41 22
37 37
37 25
14 23
35 39
24 34
17 42
39 38
27 29
30 14
19 29
37 14
14 24
20 38
37 18
15 35
20 39
39 22
21 24
19 17
20 15
18 25
17 27
43 27
32 38
26 39
26 41
33 39
31 32
15 24
43 41
17 31
26 20
41 14
28 16
31 15
17 28
22 18
43 42
31 16
29 27
20 18
18 30
30 28
16 14
21 35
20 27
40 32
19 37
21 36
30 43
33 26
23 38
35 36
37 39
29 21
19 26
23 30
42 38
31 36
14 37
29 37
22 35
15 14
21 28
42 27
16 38
29 15
18 40
41 17
34 25
28 21
38 42
37 20
37 16
29 38
43 31
18 36
37 41
24 43
32 21
26 15
24 15
28 31
33 23
21 32
21 41
35 23
24 32
16 34
18 38
26 40
32 17
26 18
32 42
31 23
18 32
33 34
19 33
17 26
25 18
33 40
31 19
34 21
42 20
35 38
30 27
31 14
17 32
36 18
20 29
41 15
32 19
21 18
18 33
19 24
28 29
25 20
36 43
15 42
30 34
24 36
28 28
36 21
40 37
23 28
35 15
24 27
24 38
26 25
29 34
16 43
41 33
34 26
22 24
14 35
40 28
23 16
24 40
24 17
34 39
19 35
37 17
20 19
29 25
17 33
29 41
38 29
33 20
34 35
34 38
22 27
42 24
22 26
23 22
26 23
42 37
25 40
39 17
38 35
29 14
33 28
40 43
29 42
32 33
24 31
17 43
32 14
15 17
23 25
41 25
18 17
28 14
18 24
38 41
27 34
37 38
23 26
42 17
38 28
35 21
23 35
43 29
21 39
21 30
36 27
29 26
24 26
18 14
19 36
40 31
27 42
30 37
39 25
43 33
39 19
36 17
16 23
35 35
30 36
42 21
18 22
23 17
26 33
14 40
26 36
32 22
32 28
39 32
30 18
23 21
27 38
25 21
18 41
27 18
28 41
28 25
24 22
17 14
43 18
14 21
20 24
30 24
30 25
35 27
22 38
39 34
17 18
30 29
18 39
31 39
32 31
32 16
16 21
41 18
25 39
33 30
31 29
19 25
15 37
34 36
24 14
16 28
31 22
17 22
16 30
23 20
25 38
