59 259
23 17
30 43
21 16
19 43
30 14
23 24
43 33
26 25
20 19
19 28
20 29
20 35
43 30
24 31
37 31
32 30
34 30
37 15
32 32
37 20
29 21
30 24
30 21
28 22
21 43
32 40
16 19
15 40
25 14
39 32
21 31
24 19
38 17
37 21
31 32
18 21
34 15
14 37
23 40
36 16
42 42
22 37
41 43
37 36
15 39
37 32
39 18
38 36
22 26
42 30
34 27
37 41
29 38
25 35
25 24
38 30
38 14
26 38
37 37
23 20
15 23
15 35
32 19
37 39
33 37
17 23
28 30
38 34
26 39
33 35
40 16
38 33
38 22
27 17
30 16
27 21
33 33
35 26
27 25
37 29
20 26
24 30
35 28
34 16
21 35
38 43
34 31
21 40
19 33
41 41
40 30
34 17
41 32
14 15
16 33
19 32
23 42
29 23
28 26
43 22
31 22
20 23
25 40
40 28
14 32
22 14
18 19
16 27
15 22
29 42
14 27
24 27
36 15
17 25
15 30
34 36
30 22
23 36
17 37
16 39
42 29
42 22
39 22
28 35
40 19
16 14
30 18
30 28
26 29
23 37
36 33
33 38
32 34
27 37
32 21
35 42
36 32
14 39
37 18
42 34
31 16
41 34
25 20
14 43
38 21
21 21
42 32
26 24
22 30
27 36
30 15
23 18
25 43
42 26
27 22
29 15
14 38
19 19
32 16
24 42
43 37
23 19
42 36
39 20
19 21
32 28
41 15
29 30
17 35
28 16
18 33
31 14
14 40
40 32
32 31
37 19
33 17
38 23
20 34
40 20
17 28
18 39
27 29
42 33
17 38
41 39
25 31
40 38
36 37
14 28
39 14
36 35
20 20
25 25
42 41
17 21
16 16
23 43
17 17
43 23
25 26
14 22
23 27
37 17
34 33
18 27
14 29
30 19
41 28
42 18
26 30
37 30
31 37
31 17
29 26
43 36
32 35
26 26
42 31
36 42
18 22
42 20
26 33
33 26
33 43
38 41
34 29
30 42
24 40
26 40
37 25
24 41
24 18
32 17
22 19
17 30
26 16
14 26
36 29
20 28
25 32
16 28
33 18
42 14
29 19
41 35
26 18
41 38
25 42
16 15
35 24
20 32
41 36
32 38
31 23
14 16
14 18
41 21
26 31
