59 269
18 33
31 39
25 42
24 39
34 38
39 32
33 35
35 16
25 28
40 24
22 27
29 32
18 26
18 37
38 30
36 40
16 15
21 29
18 34
23 22
36 32
40 16
32 19
15 21
33 41
30 22
22 18
35 22
39 41
14 43
15 24
28 21
24 32
41 24
27 33
38 36
15 20
29 17
25 31
17 20
15 41
36 37
27 18
31 20
22 28
22 41
31 21
33 31
19 40
38 33
19 32
35 31
39 20
17 37
43 26
17 18
17 42
22 29
41 39
14 16
16 14
14 23
21 34
40 17
37 28
43 28
36 43
16 38
32 31
27 43
40 38
25 14
29 19
42 29
33 16
31 31
22 34
34 41
41 31
18 38
39 29
27 41
26 38
26 37
38 15
40 29
16 33
19 28
40 22
29 39
36 36
30 36
37 39
31 43
28 22
18 14
15 19
24 42
40 37
24 36
19 27
14 24
24 15
41 36
16 17
27 26
28 23
20 34
40 18
34 21
14 37
42 25
24 43
33 33
33 15
32 15
28 31
22 30
32 25
42 21
40 34
29 36
21 31
31 18
18 22
30 30
15 25
15 16
26 33
18 15
36 26
34 28
31 28
41 26
36 34
23 21
35 41
34 14
35 29
35 25
25 41
41 28
32 39
32 29
30 16
17 36
20 14
22 33
43 35
39 16
24 14
41 29
24 21
43 18
36 29
39 24
14 34
37 17
24 38
36 39
35 42
37 25
20 20
42 30
37 38
19 39
38 21
20 27
15 36
17 27
20 37
42 37
40 14
30 34
26 28
30 38
23 16
16 22
38 40
27 40
42 33
22 37
20 19
21 27
31 17
15 18
19 22
14 27
21 22
34 26
19 18
17 32
16 23
42 34
35 21
41 43
32 16
30 31
32 17
15 37
37 14
38 41
15 42
22 36
38 31
28 18
39 37
30 25
16 20
29 23
24 18
30 39
17 19
34 31
26 30
18 41
23 23
21 33
22 38
17 24
43 27
23 38
32 38
38 24
25 37
33 30
28 27
37 36
42 19
35 33
18 31
17 23
43 40
20 25
20 24
31 35
27 38
31 40
15 22
24 16
19 34
15 39
19 14
42 24
28 24
36 41
30 42
21 35
40 27
39 27
32 32
25 21
21 14
25 39
29 22
42 43
26 27
16 29
17 34
30 41
35 28
38 26
41 32
32 26
25 22
15 35
18 21
26 32
37 21
