59 279
19 29
42 38
28 17
20 37
27 31
32 25
40 29
16 19
16 33
24 26
38 41
29 43
39 41
37 42
31 31
38 33
37 26
39 33
24 40
43 31
43 29
27 21
40 21
16 42
19 15
24 27
27 23
26 22
28 34
24 18
17 17
21 25
16 39
38 42
24 43
43 34
33 27
39 31
17 16
16 25
15 37
34 15
29 33
18 22
35 22
39 39
35 36
37 37
39 36
16 38
30 15
19 21
41 39
32 24
28 36
27 40
39 38
17 14
23 27
27 35
24 34
32 40
38 40
23 31
16 30
33 31
21 23
20 33
29 14
30 33
42 26
14 15
28 30
20 28
43 39
29 30
34 14
35 30
36 42
28 20
27 17
21 34
40 17
37 18
19 27
22 22
23 34
26 21
29 26
22 42
24 37
41 17
39 23
18 39
19 35
30 42
39 37
18 41
24 29
28 39
26 39
36 33
22 23
32 37
42 35
23 18
40 36
37 14
14 16
32 23
39 20
33 39
20 16
17 20
26 26
29 18
24 42
33 41
40 15
18 19
14 32
42 27
21 17
37 32
18 42
25 29
25 21
37 29
40 23
28 27
21 39
22 21
28 15
38 38
41 30
34 18
39 40
35 19
23 42
15 27
21 36
16 40
39 26
40 33
43 38
20 41
40 14
39 22
24 31
29 21
31 21
34 42
37 20
14 19
15 16
34 37
34 16
43 37
38 31
29 25
30 31
17 38
20 39
25 23
37 31
19 33
43 27
16 15
19 20
17 26
16 18
33 33
22 17
36 28
24 22
36 23
43 17
28 43
40 30
16 41
33 43
31 38
19 28
26 29
14 35
30 25
27 43
23 39
15 31
25 17
33 30
32 14
31 34
37 24
16 14
17 24
24 24
25 42
40 39
20 38
31 37
19 23
31 18
38 27
14 23
37 30
40 19
18 15
26 18
28 22
27 30
24 28
41 31
39 28
22 18
38 28
35 34
23 28
32 36
28 41
39 16
33 36
22 37
26 16
23 40
43 35
31 39
41 24
31 41
18 27
20 29
18 14
30 16
24 23
40 38
28 42
22 34
43 18
16 21
18 21
31 17
30 24
29 42
40 20
20 32
19 14
35 15
34 22
20 25
34 27
34 35
27 42
17 18
38 24
24 30
14 28
19 38
18 31
31 28
42 40
41 37
42 34
42 16
43 41
36 34
36 25
22 40
36 30
14 18
14 36
41 34
30 18
37 17
17 19
19 22
18 35
38 15
33 15
24 17
