59 289
14 43
36 43
37 18
42 19
22 39
36 40
34 27
37 23
30 15
21 20
26 33
36 27
15 17
35 29
25 34
34 38
38 37
16 16
42 35
36 28
25 31
15 25
39 29
43 37
40 25
34 21
42 16
42 20
15 41
32 25
41 19
24 16
34 37
18 31
19 27
24 43
24 32
23 21
31 35
42 42
14 36
31 27
28 35
34 17
39 14
16 30
24 18
29 28
25 30
22 15
21 23
35 38
32 28
38 42
34 28
18 38
32 33
30 31
20 35
29 41
40 43
33 38
16 22
15 16
27 30
28 22
35 28
15 21
40 29
23 30
31 19
34 32
40 14
17 26
17 18
40 34
35 34
30 43
15 30
23 42
36 41
24 35
22 27
35 26
33 43
26 43
39 33
29 35
15 31
36 16
31 43
28 27
23 24
19 32
40 37
26 31
15 38
27 15
26 41
28 34
17 27
34 22
22 43
17 41
31 32
15 22
29 43
17 39
40 22
15 24
18 17
17 28
18 27
26 27
21 26
17 14
21 18
14 39
36 15
28 19
38 41
32 22
38 17
27 29
25 33
28 39
25 41
43 26
39 42
16 36
39 22
30 41
41 41
39 27
31 15
18 39
16 15
20 41
28 17
14 22
17 16
40 21
21 43
39 26
31 16
19 31
17 22
35 21
20 27
34 40
28 30
43 18
30 38
21 32
40 31
37 21
39 40
28 37
15 27
28 36
37 24
33 34
35 42
20 24
15 36
26 15
26 30
37 39
28 31
23 41
17 19
30 14
26 23
25 15
37 28
38 29
19 30
30 42
25 32
33 24
41 17
35 22
39 38
15 33
19 37
26 24
39 35
35 43
40 20
20 43
37 22
35 30
22 24
30 35
33 37
38 20
30 19
17 23
15 15
17 34
17 24
16 39
40 39
39 32
24 41
17 43
42 33
29 16
21 37
16 29
22 18
33 40
36 34
20 17
14 24
24 19
21 19
41 22
41 26
25 38
20 15
25 17
42 39
14 37
21 15
31 33
37 35
27 16
42 15
35 16
26 34
32 21
16 18
21 31
25 43
29 34
41 31
31 14
36 21
19 14
40 24
39 34
27 34
19 41
38 21
20 21
20 29
39 19
26 16
39 37
32 15
33 41
34 20
19 24
18 25
19 25
36 31
22 21
21 40
30 26
33 14
43 28
19 35
30 32
41 28
35 39
29 42
21 41
20 33
26 42
42 14
38 24
20 42
38 30
20 36
43 39
42 23
18 15
32 42
40 26
41 27
34 33
25 14
26 38
27 39
18 18
24 34
40 35
22 32
