51 91
12 35
31 32
19 36
24 34
30 36
18 21
17 15
34 30
16 14
29 17
29 27
17 23
32 31
31 22
29 25
18 24
32 17
14 19
19 27
22 18
23 19
30 28
36 21
21 22
20 16
23 15
22 20
36 19
14 25
22 13
20 32
19 34
23 29
17 20
24 15
31 26
25 30
33 27
28 17
12 18
23 37
12 13
17 37
37 28
24 37
31 31
13 31
20 15
14 22
17 13
15 24
20 23
29 36
23 33
25 15
26 27
36 37
24 30
23 31
34 19
35 28
21 31
24 27
13 26
32 27
15 23
21 29
28 15
35 13
28 27
32 36
21 15
19 20
36 24
32 34
25 22
18 32
14 16
29 34
33 37
25 33
21 37
17 14
29 31
25 18
19 24
28 31
18 29
21 21
22 21
28 25
