51 101
37 28
22 20
35 27
13 17
16 26
22 36
28 36
24 23
28 37
18 34
23 35
14 34
13 37
20 35
36 17
36 25
18 28
12 18
28 30
21 33
12 26
23 26
13 30
23 18
32 21
15 32
14 21
31 26
36 21
27 17
36 32
30 34
21 18
17 34
15 27
22 14
30 14
33 12
35 37
12 17
25 25
23 33
19 16
14 24
29 13
35 34
14 14
33 27
23 20
33 28
28 19
19 35
26 30
29 34
26 35
22 35
37 32
29 20
14 37
25 37
13 16
23 19
28 17
23 28
25 20
19 31
29 17
33 26
27 20
12 36
19 29
20 16
36 37
18 13
24 36
14 32
12 20
31 13
22 17
16 31
33 35
34 25
19 34
13 28
18 33
14 29
15 13
19 19
13 34
20 14
22 25
30 25
16 34
32 20
28 33
17 37
18 35
23 34
30 33
14 31
29 25
