51 111
30 21
17 12
17 29
28 18
34 34
35 35
32 19
17 34
16 34
32 26
36 22
26 35
29 22
18 34
20 16
14 13
15 28
17 16
21 27
21 35
32 14
14 21
16 15
20 28
30 13
24 18
12 24
24 13
27 37
31 37
32 31
34 16
21 20
35 18
20 25
26 19
34 20
16 20
18 37
20 30
35 27
27 17
36 36
35 21
16 37
33 22
27 20
35 22
26 22
25 16
30 35
12 19
20 37
23 23
29 36
28 25
34 15
30 30
23 18
31 26
36 12
12 36
37 23
18 29
30 29
37 29
13 19
18 20
12 32
33 30
12 35
28 24
24 22
26 34
25 33
32 22
15 14
22 24
33 28
23 34
17 28
18 24
22 18
29 24
36 19
26 28
21 12
19 32
33 37
32 28
20 32
27 36
12 20
27 27
25 37
19 16
18 35
22 15
12 18
21 17
30 14
27 19
19 28
37 22
21 22
16 19
33 16
34 33
24 36
19 37
15 25
