51 121
32 29
20 28
28 24
22 33
24 37
33 21
32 20
27 15
36 35
36 37
31 21
14 13
32 31
36 24
30 24
33 29
19 27
24 30
24 21
25 37
16 30
20 31
32 24
19 28
37 21
29 14
22 36
18 24
20 30
12 31
19 16
17 14
22 26
37 17
14 30
36 12
20 14
12 22
22 22
14 21
32 36
28 26
23 34
16 21
21 14
34 15
34 27
33 24
13 30
35 18
24 28
13 15
26 23
31 27
18 33
28 16
17 27
33 19
21 26
34 23
28 35
18 20
29 19
24 20
15 33
25 24
23 15
30 23
19 17
13 34
12 14
29 33
33 14
16 20
32 14
18 27
34 37
32 27
14 18
24 12
32 30
22 37
34 13
25 30
36 31
19 12
25 23
35 16
18 35
18 13
31 28
24 36
37 19
18 19
15 30
21 19
24 19
27 12
20 19
23 30
24 29
25 28
34 17
29 31
26 15
17 24
34 25
33 12
36 13
28 34
29 34
12 28
26 19
22 13
12 20
22 31
31 33
29 26
21 35
14 17
37 28
