51 131
29 21
25 16
22 14
26 19
32 13
35 22
19 25
18 12
37 13
21 32
36 32
32 30
13 24
35 15
33 27
21 30
37 35
33 24
28 33
26 20
34 14
36 21
13 30
34 20
34 16
31 12
25 19
26 35
28 28
23 25
34 28
33 34
15 19
16 22
31 31
36 20
34 23
12 19
14 14
30 32
12 23
17 25
26 18
30 36
32 37
16 13
19 33
25 23
15 30
29 18
37 31
20 33
18 26
28 37
17 27
22 15
14 23
27 16
24 29
30 23
19 31
26 15
24 19
25 25
30 18
22 31
17 35
31 16
17 33
29 15
28 19
21 33
30 30
36 26
23 28
29 29
32 17
22 30
15 27
34 15
26 33
36 22
37 27
21 15
29 34
33 15
24 14
23 17
21 27
13 13
36 23
29 22
13 27
32 28
31 21
32 19
20 26
24 20
28 12
30 34
18 33
21 21
34 13
37 12
36 33
26 30
18 28
29 36
34 22
26 28
37 18
15 36
18 36
32 27
13 33
37 34
14 18
31 14
37 32
25 18
23 33
32 32
26 23
14 17
32 15
13 22
28 27
23 12
28 36
32 33
35 36
