51 141
14 19
30 29
31 27
36 22
35 21
17 19
37 26
19 35
12 26
29 33
16 28
21 18
13 27
29 30
12 25
23 36
28 33
19 30
27 13
32 24
14 24
14 21
18 30
32 32
32 25
37 34
31 19
18 12
33 18
23 20
22 28
19 32
30 31
33 22
21 23
31 25
18 16
12 23
35 32
14 28
33 33
37 15
36 35
33 37
26 13
20 20
33 12
15 13
19 13
34 17
35 24
30 34
32 21
26 32
21 31
26 30
18 34
32 18
21 15
20 34
22 12
19 25
19 15
19 26
24 31
28 18
37 37
37 33
12 13
27 17
30 36
37 23
19 31
19 21
20 27
34 12
36 15
36 34
32 35
37 12
36 30
36 26
15 12
14 26
27 21
27 29
12 14
31 21
24 13
26 36
18 25
25 30
23 33
14 36
32 28
31 14
18 36
35 30
12 16
22 37
18 37
14 27
19 36
17 34
12 33
34 23
32 33
23 16
15 25
17 37
28 32
27 22
26 25
13 20
24 35
22 35
37 22
29 15
17 12
19 18
28 22
31 32
22 16
21 19
27 36
21 36
24 30
22 30
24 27
22 27
35 28
24 12
20 28
22 20
21 21
31 12
16 30
18 13
13 23
31 17
37 28
