51 151
29 31
28 30
20 13
31 17
14 35
17 21
36 33
15 36
34 23
35 29
20 28
21 18
19 31
24 31
14 33
28 33
29 36
18 17
19 24
22 18
31 31
35 21
22 24
27 18
32 20
26 31
27 36
31 24
34 16
26 36
33 34
18 30
13 33
26 12
31 33
31 18
15 16
22 32
15 13
19 18
32 13
19 35
29 29
23 30
19 14
17 20
33 19
34 27
21 34
34 18
19 13
14 32
12 14
19 17
23 21
23 28
14 16
25 32
34 25
37 20
22 14
30 26
26 29
27 13
36 19
35 31
33 18
16 14
36 29
24 26
33 31
16 24
13 15
26 20
29 34
12 23
27 20
37 27
36 37
21 16
25 15
33 12
26 24
22 28
25 14
34 36
25 12
22 16
18 36
15 32
19 20
18 29
23 19
33 30
36 36
35 34
19 37
27 33
27 32
28 27
24 37
24 25
33 15
21 17
18 13
25 30
25 22
35 37
21 19
16 26
33 13
12 27
32 31
12 30
30 32
21 30
29 17
36 34
35 16
21 23
30 29
30 23
34 34
26 19
33 22
36 35
13 24
25 34
15 28
32 22
29 22
26 35
27 17
14 19
15 30
13 19
34 20
23 24
29 23
14 15
13 18
12 12
32 19
26 34
28 19
20 25
17 24
34 15
14 20
30 30
27 23
