51 161
31 17
18 19
37 37
22 30
35 37
21 30
31 28
34 35
16 36
22 12
37 30
26 14
19 26
20 26
25 15
26 17
24 35
26 13
20 27
25 36
14 32
24 37
24 22
27 18
30 18
20 14
19 22
19 18
25 33
20 30
23 18
34 14
18 36
31 29
19 29
23 13
18 35
31 22
26 19
35 28
16 18
21 14
27 36
20 23
21 16
12 20
29 15
36 24
21 27
15 29
19 14
33 13
25 16
32 31
27 15
15 33
28 28
33 15
14 14
36 35
13 18
34 12
17 28
26 32
22 18
22 23
27 37
16 28
12 28
14 15
23 20
37 28
26 20
18 26
26 22
25 12
17 18
34 34
16 14
32 20
20 21
20 34
37 23
13 36
24 25
14 19
36 37
36 36
18 22
31 37
18 18
17 21
16 37
12 34
30 30
19 28
29 37
27 30
31 24
25 24
24 33
29 36
14 21
36 33
19 30
30 23
21 26
23 36
26 30
32 32
26 24
18 31
12 26
17 12
15 36
18 34
36 21
15 31
35 12
24 20
18 20
17 23
12 23
20 17
18 37
14 36
30 16
31 26
25 23
35 16
28 15
21 36
31 25
34 24
13 31
21 32
13 26
20 18
28 21
32 22
14 12
26 31
32 26
32 16
35 31
34 28
19 24
12 14
33 35
14 16
16 15
34 31
19 23
31 21
25 32
28 16
17 35
20 22
24 28
25 20
16 25
