51 171
27 24
21 15
31 18
19 28
26 27
25 12
16 27
13 18
20 22
20 13
18 13
26 14
32 29
27 23
19 22
12 26
17 17
13 26
14 21
24 18
17 19
19 18
22 30
31 23
27 15
28 28
31 30
34 19
29 18
32 12
18 26
13 27
18 17
34 26
34 15
16 22
12 35
19 20
15 24
36 19
20 12
28 16
13 17
18 33
16 15
34 22
23 34
36 18
32 18
22 19
19 14
37 23
15 36
27 12
20 21
18 28
24 21
24 15
23 27
24 30
13 36
35 23
29 25
13 33
27 33
26 29
18 22
22 31
36 27
34 29
33 36
35 13
27 17
15 14
28 36
12 21
35 31
25 25
20 34
35 21
12 13
24 28
22 26
22 23
13 28
32 19
33 32
15 19
14 30
16 21
33 29
30 32
27 34
16 13
32 21
37 17
26 17
26 20
33 17
23 23
25 24
24 36
24 31
29 33
29 21
15 23
37 12
26 36
32 17
24 26
18 27
19 31
25 32
36 37
36 20
27 26
21 21
16 36
35 33
31 12
16 19
26 15
22 28
14 18
32 13
12 30
33 31
36 24
22 25
21 24
15 16
13 22
36 29
30 15
33 34
21 14
35 16
28 29
26 19
31 32
30 25
31 21
30 28
12 34
27 31
36 36
34 31
28 31
20 17
30 33
14 36
30 35
23 16
13 21
29 16
37 29
21 13
18 25
25 16
14 26
35 35
24 16
15 26
24 14
27 30
16 30
37 22
13 31
29 13
22 14
14 12
