51 181
14 29
36 20
14 15
21 22
36 31
27 19
37 17
12 31
30 30
30 23
26 21
24 28
25 27
14 21
27 14
24 25
33 12
21 29
13 30
34 36
12 26
16 27
29 22
13 18
23 32
19 30
26 33
21 28
16 20
29 37
24 37
26 22
37 21
13 29
22 37
22 32
18 26
26 14
30 15
26 34
30 17
17 24
31 35
19 20
23 37
15 35
22 35
22 31
19 19
35 13
32 19
17 19
12 19
18 15
12 35
25 18
31 34
36 12
31 22
29 14
21 21
29 16
29 23
17 27
34 29
19 12
29 18
30 21
35 18
33 35
29 32
20 31
26 26
23 30
16 15
17 32
28 34
15 21
37 18
28 19
32 22
22 29
27 30
20 30
22 19
35 29
36 18
32 13
12 24
33 27
12 30
35 25
17 15
16 13
16 30
29 25
35 15
28 16
15 31
37 16
30 24
26 16
28 28
13 23
33 16
12 25
18 13
24 26
20 27
37 33
27 26
31 19
25 15
28 17
13 17
18 24
17 37
14 35
30 27
34 32
14 27
20 16
29 29
30 29
24 20
36 21
16 28
35 28
30 14
24 34
36 33
27 15
23 18
15 30
35 32
18 19
23 14
30 25
14 20
13 15
34 35
37 23
31 29
16 29
33 26
17 28
25 32
26 12
30 26
26 24
25 33
34 37
15 23
24 12
21 23
36 27
34 18
19 21
23 15
35 26
35 20
34 28
33 32
29 35
13 35
28 25
16 33
31 17
34 14
25 25
12 37
19 29
26 37
15 24
16 26
31 31
24 21
13 37
24 31
24 23
32 16
