51 191
33 28
27 35
14 26
33 19
26 19
36 20
27 24
29 32
24 24
22 22
35 12
24 20
31 19
31 36
22 12
19 17
15 37
19 25
18 12
29 22
16 27
26 22
29 15
16 31
23 33
21 12
36 25
25 32
18 31
27 30
27 17
13 31
24 26
13 14
27 18
21 24
20 15
34 20
28 30
22 31
31 33
24 21
22 26
23 29
12 17
15 30
19 22
18 30
22 17
15 22
16 35
23 37
37 26
30 31
18 17
23 13
19 30
24 27
31 35
27 20
21 14
21 18
37 13
30 19
34 37
12 12
33 20
34 29
15 16
20 27
29 29
13 17
14 23
37 12
26 15
32 37
24 30
22 16
16 24
32 18
14 17
30 12
13 18
30 30
31 30
15 25
35 23
31 28
21 33
23 25
36 30
24 17
35 21
12 15
21 36
30 33
29 34
25 27
21 35
15 36
19 37
30 35
16 30
37 17
15 34
24 34
31 31
26 31
17 30
16 13
29 17
31 18
12 35
13 34
16 19
35 14
15 35
18 23
31 37
21 37
30 27
15 17
14 21
13 29
16 37
36 12
15 33
33 35
31 25
24 28
32 34
37 27
24 14
18 15
32 26
30 25
27 31
32 30
32 35
14 18
35 24
33 13
31 23
31 15
21 19
19 36
12 20
30 24
34 14
36 33
29 26
17 19
32 15
19 16
32 31
23 31
17 14
29 16
14 27
28 15
25 29
24 33
36 19
24 19
35 17
36 24
14 13
22 29
35 19
34 34
28 13
14 35
32 22
12 23
23 19
32 28
18 37
12 36
34 30
30 17
26 20
22 37
37 15
33 36
30 16
37 30
23 15
12 27
22 34
18 32
26 28
