51 201
29 30
16 36
30 19
31 25
26 22
23 35
17 17
35 12
32 33
15 33
29 26
33 35
15 22
12 29
24 32
22 27
16 17
28 14
20 25
18 33
13 23
14 36
20 21
36 21
29 19
15 20
27 29
26 33
23 15
35 14
33 13
37 33
29 16
23 12
29 36
25 18
27 17
19 28
19 30
31 13
36 29
33 18
15 21
16 12
24 14
18 12
15 23
31 21
19 14
28 36
29 32
28 21
13 25
27 36
18 15
27 30
20 27
37 24
35 23
35 36
18 28
34 17
29 28
30 34
12 35
22 30
33 25
16 32
30 28
18 30
19 24
31 34
32 18
24 34
37 21
37 27
21 14
32 29
16 16
29 27
35 26
22 25
18 18
21 16
26 25
31 24
28 26
13 19
23 33
29 18
17 16
30 36
26 30
20 15
20 18
12 24
29 20
22 20
26 23
35 20
28 20
24 33
21 26
21 25
17 32
25 19
25 26
32 20
24 15
22 17
17 22
34 33
17 30
28 30
28 34
22 26
34 36
18 25
27 26
29 17
19 18
14 32
33 33
26 16
13 15
19 21
36 37
26 26
35 19
13 18
29 15
14 29
32 23
23 13
22 31
16 35
34 22
24 27
32 28
13 30
29 35
36 20
36 24
30 24
30 21
34 34
36 33
21 24
15 36
34 24
13 36
37 19
25 16
18 35
21 31
14 35
20 12
24 21
25 37
36 12
28 22
12 26
12 13
27 24
16 29
37 12
23 28
32 27
19 20
21 27
28 33
16 28
37 20
13 27
20 30
31 23
28 35
19 37
23 23
26 34
28 15
12 33
20 17
13 17
23 27
15 29
22 34
18 24
13 16
37 23
20 32
30 22
18 22
18 27
18 26
31 19
28 27
25 32
19 26
29 31
22 21
