51 211
32 13
22 17
13 33
18 23
29 29
14 36
17 25
15 17
27 23
15 34
31 26
26 26
12 34
29 32
36 18
18 35
20 22
25 34
37 34
19 17
20 17
23 22
20 30
33 30
12 18
14 30
27 13
13 22
13 34
27 31
30 23
18 34
27 37
27 15
19 28
33 28
14 23
35 26
19 37
37 14
23 14
33 29
12 13
13 32
13 36
25 15
30 31
21 26
20 20
22 18
34 33
24 24
26 17
33 35
32 30
24 23
19 27
30 26
15 35
17 19
24 14
22 21
21 25
17 37
19 12
35 25
26 30
34 17
24 19
23 35
30 30
16 31
19 24
29 25
17 34
17 15
21 17
31 25
15 25
20 28
20 37
16 29
26 20
16 23
31 35
32 18
34 14
22 16
26 37
13 13
36 36
30 28
21 37
31 36
29 12
18 36
12 31
21 30
33 27
27 17
33 13
24 16
21 27
16 28
26 23
24 31
32 27
21 13
14 13
37 24
26 18
27 32
13 23
15 12
18 31
16 37
33 22
25 21
30 37
13 30
25 32
30 14
35 23
27 36
15 14
21 23
34 21
36 31
15 30
16 33
20 15
24 26
35 35
27 14
20 21
12 29
14 17
19 21
30 32
25 18
37 17
37 19
19 16
13 17
36 33
34 28
16 32
13 25
28 22
14 27
35 18
17 13
34 32
28 12
27 22
28 16
24 32
21 29
36 12
30 24
34 23
15 23
21 31
26 21
37 15
36 13
24 33
37 13
32 26
23 37
22 29
37 18
20 23
24 17
16 17
37 20
29 34
18 16
29 17
17 32
17 22
21 22
18 17
14 25
32 33
17 27
18 28
33 26
30 35
20 31
36 28
25 26
31 32
13 28
13 35
22 12
27 19
37 12
16 13
24 29
14 29
19 22
33 37
34 34
26 35
14 34
32 21
17 12
36 30
27 30
35 13
