55 85
36 16
15 23
30 27
40 35
35 20
25 13
27 36
38 17
27 29
32 23
29 29
32 14
38 25
16 26
15 40
34 16
38 35
26 15
23 29
40 21
38 38
18 40
30 30
31 13
35 14
35 36
38 19
25 17
39 38
40 40
16 33
20 26
26 21
39 40
39 35
29 34
19 40
39 14
36 24
19 32
33 35
17 26
40 27
24 18
36 31
40 31
30 26
19 34
40 16
20 17
40 37
15 27
21 31
25 21
29 20
27 34
13 13
18 17
27 14
17 34
18 31
19 22
40 15
37 27
15 25
30 16
35 15
13 14
29 36
16 39
39 13
25 25
32 28
36 33
26 20
35 32
19 17
32 39
35 22
34 22
26 16
32 26
26 29
31 35
39 25
