55 95
32 34
16 31
15 18
18 33
29 38
21 19
18 14
24 21
32 35
23 33
22 26
16 22
24 36
39 20
19 19
28 31
38 24
35 31
16 29
15 34
34 23
13 36
39 39
38 28
24 16
34 36
14 30
24 22
15 20
22 32
14 17
14 22
28 16
37 14
14 29
14 19
27 14
28 13
15 13
32 23
37 25
31 24
16 27
26 26
15 36
22 28
15 25
21 23
38 26
32 14
37 31
20 16
38 29
13 20
30 23
27 19
27 37
18 35
17 17
32 25
27 34
34 39
23 31
20 15
31 32
35 16
35 38
21 14
34 21
36 30
36 35
28 27
14 28
20 23
35 30
29 21
19 17
33 17
31 30
13 13
23 22
29 28
33 38
31 23
26 24
15 17
31 18
21 16
22 31
19 36
29 30
22 38
13 34
19 18
22 27
