55 105
34 33
31 31
22 29
15 26
32 18
32 23
32 27
33 36
30 24
21 21
37 25
36 34
24 27
18 15
35 29
18 27
18 32
27 39
18 16
20 28
31 37
35 40
15 29
16 16
37 20
39 30
20 36
23 21
38 32
15 25
19 22
23 13
33 39
35 38
38 34
24 24
39 37
13 28
37 13
17 28
20 20
18 37
29 39
34 37
19 32
18 40
23 35
16 27
20 23
37 33
25 31
21 35
33 25
18 30
37 21
22 31
28 16
13 21
13 16
13 34
27 25
19 15
35 34
22 14
34 24
24 21
39 20
27 21
33 20
31 23
30 29
20 39
24 40
35 32
37 24
30 20
28 39
40 23
36 30
15 15
22 30
36 25
29 31
30 26
30 23
33 30
16 37
36 31
35 13
20 24
40 22
17 31
23 29
14 40
21 16
29 24
37 29
22 32
32 36
25 25
14 16
16 29
16 18
29 35
30 22
