55 115
38 24
15 14
28 34
23 39
35 24
37 40
27 22
17 15
33 30
37 18
16 36
25 35
21 30
27 14
21 39
21 19
16 30
25 15
30 14
20 33
33 16
38 35
36 34
19 18
21 32
13 20
34 38
22 30
15 18
20 25
14 28
15 17
35 25
22 28
26 28
39 26
16 20
38 37
32 27
13 32
22 23
26 37
38 15
26 17
31 26
38 21
30 38
13 21
30 28
14 20
36 37
38 31
25 39
19 38
25 40
36 14
39 36
29 39
27 15
20 31
22 33
14 30
36 16
26 22
15 28
30 32
39 15
31 30
18 33
15 22
23 33
24 32
36 17
39 31
18 35
29 19
21 22
32 20
18 26
34 26
20 35
24 33
33 28
40 16
40 37
18 25
13 39
23 13
22 29
23 30
17 22
39 16
22 14
19 20
40 31
35 30
34 36
33 13
15 34
25 31
35 28
28 17
17 19
23 36
30 20
13 14
39 24
33 26
17 17
40 19
27 34
37 15
16 34
16 25
37 35
