55 125
31 13
36 32
25 37
30 36
37 33
17 13
34 25
21 28
37 22
32 39
29 32
15 14
13 28
36 15
29 29
22 32
26 33
18 20
22 31
17 32
36 29
33 40
24 17
25 34
15 32
23 20
18 16
17 33
34 26
37 24
25 29
26 24
27 14
23 27
34 18
13 37
21 37
31 33
30 35
31 23
38 15
16 13
28 24
16 40
40 34
23 24
40 38
39 14
17 14
36 30
17 19
34 32
21 16
14 37
28 34
40 24
37 27
15 33
25 36
36 31
32 23
37 30
29 36
21 17
29 25
39 17
13 21
26 31
26 27
21 25
17 15
22 13
34 19
32 20
14 39
32 27
29 21
21 30
33 33
17 23
18 39
39 35
30 33
26 29
33 19
24 20
29 31
31 30
28 36
27 23
30 15
13 22
40 17
39 30
40 29
18 34
35 40
18 25
39 27
15 39
13 23
19 35
37 36
22 14
25 28
16 20
13 31
16 32
17 35
38 32
18 17
30 16
30 39
30 26
21 18
40 31
39 31
34 27
31 18
20 27
28 39
15 17
38 14
24 32
25 40
