55 135
37 22
36 23
13 23
39 34
15 33
28 19
30 20
37 40
29 16
24 27
32 24
23 31
37 32
20 23
39 16
19 32
22 31
33 35
14 15
14 38
36 29
24 29
40 26
30 30
28 33
28 34
31 25
29 32
27 18
28 18
36 36
14 39
23 16
18 22
22 38
20 22
34 24
31 38
23 18
39 14
24 28
17 37
16 36
17 26
26 15
14 16
14 31
23 27
20 29
33 31
36 30
13 17
34 25
30 28
17 30
18 28
38 18
15 25
34 21
40 34
28 40
22 18
22 40
39 23
14 26
17 33
29 27
35 25
23 23
25 38
25 29
37 29
30 36
32 37
19 27
40 23
37 34
28 14
27 13
19 19
19 26
33 38
22 14
29 36
29 38
15 28
22 21
22 28
38 30
21 33
40 22
19 36
32 40
13 37
31 40
18 38
23 33
20 18
20 32
30 17
21 26
15 32
29 30
36 35
16 18
38 20
38 27
23 40
28 29
20 21
22 37
16 13
17 34
40 32
24 19
24 23
25 32
40 40
22 27
38 13
33 25
19 14
24 17
20 24
25 13
32 33
14 17
39 18
38 15
32 31
36 37
35 22
29 39
35 39
35 15
