55 145
22 39
30 40
40 19
31 32
30 20
16 31
35 16
18 18
39 40
22 23
21 27
27 35
17 17
30 35
39 38
36 34
24 31
15 19
17 31
13 29
25 30
39 23
26 14
33 34
35 20
28 28
14 21
16 16
24 26
13 37
36 29
38 40
28 22
29 33
36 27
32 20
38 19
34 37
30 15
33 15
25 28
34 19
30 30
24 17
37 15
20 34
20 38
28 40
17 37
19 25
35 29
23 39
31 16
36 40
26 22
19 20
29 22
28 26
16 19
23 14
30 17
30 34
18 39
26 20
40 18
28 24
35 27
20 32
30 36
35 13
32 25
34 38
32 15
29 40
40 25
29 15
38 28
36 28
13 13
20 13
34 28
20 21
16 14
17 25
34 27
20 20
28 17
18 38
16 37
27 29
17 33
34 20
40 37
25 35
19 32
16 30
36 25
23 24
36 38
14 31
16 39
23 13
17 36
25 32
34 21
25 23
30 13
16 15
38 22
38 14
39 27
28 30
22 25
24 32
13 27
16 25
33 38
32 16
13 20
38 24
19 26
38 18
26 32
26 18
39 19
33 21
16 26
33 25
39 21
25 39
32 35
34 29
26 39
14 22
19 23
14 29
35 24
36 17
18 28
25 29
24 34
34 31
39 28
34 35
31 25
