55 155
37 40
28 35
24 17
33 26
38 36
17 19
16 23
24 13
27 40
40 17
33 32
16 33
27 35
36 31
18 19
23 36
13 17
23 27
24 27
20 18
29 29
19 25
34 31
23 31
37 16
38 18
31 29
38 33
22 24
29 17
22 18
36 23
36 17
38 21
28 17
36 34
23 37
36 22
31 25
28 20
14 26
24 39
14 39
39 17
31 40
32 21
32 28
31 13
28 39
31 32
18 37
19 36
17 26
15 37
39 21
18 31
22 37
26 39
22 16
30 24
23 35
33 13
19 38
19 34
19 13
30 32
17 30
21 13
25 22
24 38
37 29
34 25
35 34
34 36
25 15
33 33
24 35
25 26
38 13
24 31
20 16
20 33
17 40
29 36
21 18
15 29
18 14
29 27
40 31
23 25
29 28
29 30
14 18
35 33
40 15
37 27
15 26
21 39
14 13
38 24
39 37
16 18
32 22
28 38
28 33
13 18
13 23
30 13
25 18
17 29
17 20
29 40
20 37
30 19
25 21
29 20
27 28
22 34
35 32
27 13
21 32
17 31
30 38
26 40
31 31
27 37
33 25
18 13
38 17
17 24
15 27
14 40
27 23
31 35
33 18
25 34
18 17
16 21
14 24
31 39
28 26
20 25
16 38
15 36
40 39
32 18
32 36
19 31
17 37
40 30
18 30
23 28
28 37
28 40
39 16
