55 165
18 30
30 29
21 16
28 25
33 32
20 18
29 16
16 38
13 23
40 40
29 28
15 32
18 32
34 16
31 25
31 13
36 23
27 34
21 18
22 18
38 25
38 27
37 39
20 32
25 33
27 38
16 25
38 32
29 22
34 40
32 33
34 32
40 36
13 15
40 29
24 28
23 17
34 33
33 16
21 13
39 13
23 30
19 35
26 40
39 29
40 35
13 33
20 33
36 25
35 13
28 37
29 17
38 37
27 22
14 14
20 22
22 25
24 34
33 23
25 23
22 22
40 28
25 15
32 39
33 39
28 21
37 19
15 23
38 28
20 13
38 39
19 18
23 29
34 14
27 21
16 20
37 17
26 19
36 29
30 36
36 14
21 24
16 29
27 28
27 31
28 32
28 36
24 23
29 34
33 40
15 36
21 23
40 16
24 18
14 28
32 40
31 36
16 32
16 28
29 36
30 14
40 15
36 17
18 28
16 40
13 28
26 16
15 20
21 21
27 39
20 36
33 15
26 28
25 18
30 25
35 31
31 23
16 16
39 40
18 19
30 39
28 17
29 19
28 16
26 22
14 30
37 21
14 27
30 34
25 14
19 13
33 38
17 23
19 14
20 28
24 19
39 34
14 31
16 13
26 37
14 34
19 23
37 40
38 35
18 33
14 22
21 33
39 28
37 32
32 35
37 31
26 27
23 39
38 29
27 33
28 30
40 33
14 13
22 13
32 21
15 40
13 14
19 27
23 15
30 15
