55 175
28 18
23 38
14 21
37 30
20 25
29 24
21 30
15 32
38 30
35 20
28 15
19 20
32 23
30 13
31 14
23 37
22 17
27 18
34 18
38 34
17 24
13 40
18 27
26 33
17 38
18 36
33 17
28 37
15 39
35 35
20 36
15 13
22 19
40 39
26 35
23 25
28 23
13 19
14 30
23 24
27 21
17 28
36 24
15 17
27 16
17 31
35 17
21 32
28 19
32 37
37 14
19 37
28 21
31 30
22 20
39 13
33 33
33 23
22 36
38 36
15 33
25 38
23 17
33 38
17 17
14 37
18 37
35 37
20 13
35 28
21 34
16 26
25 37
38 19
39 26
38 23
36 35
23 22
21 23
37 21
36 19
40 26
26 32
28 35
37 26
20 32
28 38
20 38
36 16
18 34
32 22
40 15
22 26
16 19
39 39
13 39
24 17
30 20
13 34
27 28
34 30
29 30
14 17
29 14
27 29
37 18
36 21
21 22
39 24
28 14
36 26
37 36
36 18
39 15
16 37
32 13
21 38
22 39
31 19
36 14
32 39
28 27
31 32
22 35
40 34
33 34
36 23
40 33
15 28
22 37
36 25
20 26
28 40
28 17
13 28
28 32
20 27
38 33
27 31
36 36
16 31
19 23
30 18
34 39
22 15
25 34
39 31
20 28
25 18
31 29
33 26
19 13
31 13
16 38
27 36
13 30
23 19
24 18
40 21
21 29
15 16
17 34
29 33
15 27
21 36
19 19
32 17
35 24
35 18
24 36
14 39
36 17
36 37
39 32
19 36
