55 185
13 19
27 31
37 32
39 32
40 40
33 33
27 26
30 27
30 35
27 35
35 30
32 39
25 35
16 39
20 35
39 39
40 17
18 35
18 15
30 16
20 32
31 23
14 38
15 21
26 22
24 21
40 21
27 15
19 18
24 29
30 14
18 21
35 31
32 15
34 20
40 31
29 30
38 38
26 36
17 24
40 34
36 13
14 14
31 20
28 34
21 19
19 34
14 18
16 32
32 36
24 33
27 37
28 40
16 20
29 35
24 37
30 28
22 31
16 14
14 16
28 39
37 36
25 13
25 24
17 15
13 33
36 21
30 40
37 23
21 39
37 24
35 19
29 25
26 19
32 19
35 22
20 37
22 38
14 32
29 19
22 25
29 18
28 17
39 18
30 23
13 20
13 32
22 27
30 13
23 29
21 33
22 17
36 31
36 15
35 14
33 29
29 20
18 17
26 28
34 32
21 30
28 23
31 33
40 26
24 13
22 34
15 24
29 17
38 20
26 37
20 24
26 30
17 29
24 32
15 28
34 35
32 16
23 13
13 13
34 23
38 22
18 36
28 20
27 38
34 36
20 39
13 35
26 32
13 39
36 37
40 14
14 13
32 34
17 18
37 22
35 39
14 30
28 33
27 19
27 40
34 37
27 22
15 19
21 27
40 27
39 19
19 35
23 28
13 15
35 16
26 16
33 22
35 27
14 25
37 37
37 14
38 27
29 37
13 24
13 34
37 18
29 22
24 22
18 18
15 38
22 40
30 22
21 32
32 22
29 23
34 21
33 16
15 35
34 26
23 20
13 28
40 35
25 23
13 21
32 25
32 14
28 38
23 15
22 36
15 22
