55 195
35 39
40 39
39 36
39 15
20 27
39 30
23 14
26 29
18 32
17 13
32 30
37 36
23 31
40 32
27 14
37 39
33 33
14 30
28 30
31 17
17 21
38 40
32 16
25 28
36 25
30 37
20 16
31 21
39 24
22 38
21 19
38 30
20 15
27 35
40 25
22 36
24 25
33 20
33 31
40 21
23 40
39 28
21 35
24 37
14 16
26 18
21 30
17 38
36 39
23 35
18 26
23 36
36 18
13 13
34 34
17 15
36 33
28 18
14 24
19 31
36 27
40 36
18 29
19 16
25 25
29 13
32 13
38 18
17 16
26 37
22 26
36 22
13 14
27 38
26 25
31 22
14 27
35 38
16 19
22 21
37 28
18 39
18 24
14 32
40 17
35 30
21 33
20 22
26 35
27 29
37 23
39 14
23 37
23 32
31 19
18 17
28 20
30 25
37 20
39 27
27 27
27 34
27 28
31 36
21 31
33 25
18 30
22 13
16 28
15 40
31 33
19 26
25 38
36 35
18 40
33 32
21 28
33 23
29 14
18 21
25 35
15 27
27 31
35 33
14 18
19 23
35 14
13 24
34 35
30 34
16 16
15 29
14 34
29 39
19 15
37 19
28 25
24 39
33 13
27 40
35 17
37 26
20 13
36 36
30 17
36 40
17 18
32 25
17 39
22 19
19 28
14 38
13 22
23 28
28 21
15 32
36 23
24 32
29 38
25 19
21 37
23 34
32 18
32 38
40 15
19 30
26 31
30 40
23 19
38 36
29 22
21 14
16 31
29 37
38 13
20 38
34 21
39 25
37 16
38 27
38 39
30 20
20 28
30 22
35 19
26 24
40 38
33 19
35 23
13 38
35 40
36 29
13 25
28 40
19 27
