55 205
16 22
40 15
39 24
20 36
39 35
17 25
20 34
22 34
33 23
14 15
14 39
36 40
35 22
23 25
18 31
40 40
14 22
36 18
29 24
14 35
35 28
31 34
34 21
40 26
20 37
17 23
36 31
25 24
19 16
35 35
22 21
14 16
34 32
36 16
36 25
14 38
25 40
28 18
30 27
14 36
20 17
37 32
40 17
39 13
20 31
30 30
30 33
16 24
37 34
24 27
20 13
30 13
36 39
40 28
36 35
31 35
15 33
31 16
24 40
22 13
20 30
25 21
36 38
21 16
40 39
33 22
25 34
28 29
21 20
32 27
18 26
38 38
23 16
14 34
29 26
22 37
18 15
15 34
39 39
37 14
37 38
26 25
15 26
16 21
40 23
22 35
27 16
37 23
13 23
31 31
35 39
17 24
35 16
28 33
23 33
40 37
38 15
39 31
24 22
14 33
21 18
33 38
34 16
33 26
33 34
20 39
24 32
30 20
27 17
25 37
31 29
25 39
14 28
34 38
40 24
38 25
25 29
35 40
39 18
13 16
29 25
34 24
17 13
29 29
33 15
19 34
40 38
28 25
21 34
39 28
37 28
27 33
14 21
23 37
35 36
30 14
32 20
21 15
26 34
21 13
15 22
38 14
31 36
21 19
38 30
22 16
19 21
17 37
19 19
14 40
37 33
26 35
39 37
26 36
25 33
22 26
23 35
19 15
32 18
17 16
29 21
37 29
18 30
27 26
38 21
25 36
39 22
25 35
38 18
30 40
33 32
18 27
25 25
19 35
36 32
25 22
32 38
25 13
15 24
39 26
40 31
14 29
29 18
32 30
21 38
22 15
26 31
25 30
21 31
30 23
26 20
17 14
31 13
39 25
24 31
18 14
22 40
29 19
37 18
18 18
28 27
20 26
26 28
18 21
27 23
