55 215
17 28
37 33
17 23
20 31
27 26
29 23
34 28
25 37
24 40
30 29
20 38
21 16
25 22
25 38
14 28
20 32
23 27
30 25
13 20
25 24
39 26
31 36
27 22
14 19
15 30
34 27
15 19
31 21
27 21
22 28
24 17
25 33
27 15
39 33
19 13
37 40
24 35
25 16
16 13
13 30
25 28
32 20
26 25
40 14
31 39
37 26
27 23
19 31
16 28
13 28
30 32
24 14
34 20
33 13
21 17
31 35
33 33
26 23
28 39
26 26
18 39
39 35
39 22
15 34
28 17
20 24
37 13
32 32
14 14
20 17
15 16
23 38
39 19
19 32
14 26
26 39
19 28
26 30
19 36
29 26
15 31
22 31
32 30
40 34
26 13
14 34
17 30
15 25
18 29
32 28
25 23
24 18
13 16
36 24
15 22
25 18
22 15
29 27
35 22
27 27
18 13
14 33
30 34
33 28
40 37
36 33
36 37
19 17
15 27
23 35
31 16
37 30
15 40
24 32
36 18
23 40
37 35
22 27
37 37
29 16
37 17
24 31
34 15
26 40
29 34
31 18
15 29
14 36
22 20
19 30
35 32
37 34
23 25
15 17
14 30
39 14
34 25
20 19
29 22
27 35
21 38
21 18
29 40
33 25
26 20
15 21
38 13
20 22
19 40
33 23
15 18
34 16
30 26
29 24
37 31
33 39
19 38
35 17
28 31
27 39
39 27
36 38
33 38
18 37
17 15
33 34
24 24
33 29
32 38
19 21
39 31
33 21
39 29
38 15
15 20
40 31
28 25
31 23
27 14
29 33
38 14
19 26
20 40
26 38
31 31
23 16
40 29
18 33
14 18
13 32
24 27
17 17
29 13
25 21
23 32
26 35
23 21
40 25
23 36
33 32
32 34
18 17
23 30
38 23
24 34
21 26
15 37
38 25
37 32
23 33
22 22
28 18
36 36
29 29
33 17
