55 225
23 35
26 40
33 26
20 36
33 36
35 25
34 25
19 40
22 15
40 25
22 14
23 33
40 18
23 13
17 38
14 31
27 21
38 31
17 35
24 20
37 27
35 28
30 18
13 31
35 38
23 30
36 14
24 21
22 37
14 36
32 18
24 25
27 19
21 23
25 31
21 27
14 24
34 21
29 22
30 40
23 27
31 22
21 13
16 27
28 16
16 16
25 15
25 25
40 30
19 39
33 19
15 33
38 23
15 25
22 20
38 38
33 35
13 32
29 26
37 14
32 17
29 33
24 32
32 19
19 24
37 30
24 22
39 28
36 38
18 14
31 13
16 26
13 30
19 34
29 21
14 25
37 31
15 30
21 18
35 13
19 21
34 19
13 23
20 20
26 24
14 19
34 24
33 30
36 18
22 38
31 27
40 22
35 18
20 27
35 31
38 27
38 35
21 25
38 21
28 27
39 36
32 28
24 13
28 15
18 37
17 21
29 17
32 16
17 25
16 38
14 13
24 19
28 36
40 14
39 14
31 30
30 23
40 23
15 27
40 32
38 19
20 21
29 24
21 39
17 32
40 39
35 19
25 28
39 31
23 21
18 33
28 25
17 27
15 15
27 30
25 27
29 19
35 24
27 17
14 17
28 19
32 20
13 40
16 22
30 25
26 30
14 18
19 20
16 19
31 33
19 15
17 17
28 37
16 20
24 15
14 22
33 34
13 21
23 14
19 14
28 26
18 38
15 26
13 33
16 29
32 31
30 38
32 21
37 25
19 32
25 26
35 39
27 27
35 27
38 37
26 16
32 34
36 15
15 23
19 31
13 15
36 17
36 13
28 17
40 35
37 29
37 23
40 24
35 36
15 13
36 19
37 16
19 19
33 21
39 17
32 14
25 36
19 25
26 26
20 14
40 26
23 38
33 22
33 39
27 34
18 34
20 39
18 19
14 35
22 21
16 23
31 39
38 18
14 28
22 13
23 20
24 24
34 28
38 29
22 23
32 23
28 13
32 39
19 29
22 28
