55 235
15 38
16 15
34 40
24 27
20 34
18 29
24 31
20 40
14 26
32 33
33 24
17 35
36 24
29 36
19 29
14 15
32 38
21 19
26 40
29 35
36 17
38 24
29 28
31 18
24 39
34 34
32 15
19 38
17 17
23 14
37 18
23 29
35 27
23 33
18 33
38 38
39 39
18 26
39 31
25 38
29 25
28 16
25 17
17 26
24 21
27 38
30 27
25 40
36 16
27 30
28 36
28 20
21 17
20 36
20 22
26 20
38 37
25 24
20 39
13 21
29 40
27 31
34 28
40 19
26 14
23 31
21 32
28 27
25 25
26 19
31 34
24 38
40 17
35 35
31 22
27 28
20 18
21 39
13 25
30 33
19 17
31 32
39 25
18 38
37 35
13 24
18 14
22 28
13 23
39 14
29 19
34 21
33 21
25 14
32 39
29 26
15 21
30 36
27 20
36 30
30 25
14 39
39 21
34 26
25 15
23 35
21 31
24 14
18 27
31 14
16 25
17 38
28 38
30 21
21 25
16 26
13 39
37 17
22 31
19 14
15 16
37 39
30 18
22 25
34 37
25 26
29 32
22 19
20 16
39 28
35 40
24 25
40 36
17 14
36 38
40 23
32 40
13 14
17 36
34 16
17 13
26 31
27 36
27 22
39 34
35 30
19 18
37 38
25 35
40 18
38 25
22 15
28 29
29 37
23 32
24 23
29 23
27 29
16 37
33 26
26 30
34 20
32 24
33 31
17 23
17 21
34 35
35 21
34 38
36 35
19 21
21 15
24 35
14 35
18 28
25 13
32 29
26 25
38 16
23 13
23 38
27 26
26 22
33 18
32 35
31 40
20 25
19 32
40 27
35 20
39 19
26 28
40 34
16 33
40 28
39 35
19 37
17 29
22 30
35 15
18 32
23 25
29 14
19 36
15 18
20 35
37 22
24 33
29 34
38 30
14 13
37 20
33 19
27 39
37 26
15 30
34 18
27 24
31 30
27 40
23 22
34 32
35 22
14 31
16 27
38 17
24 24
14 25
13 19
37 29
37 36
27 23
31 26
25 37
22 22
