55 245
33 25
39 20
33 17
23 13
38 23
27 24
26 35
25 33
29 24
14 16
30 24
26 16
28 33
20 25
38 34
28 29
14 18
14 15
33 28
30 23
17 37
27 20
30 32
40 20
32 25
21 40
26 30
26 26
39 29
20 28
30 21
29 33
19 15
15 15
16 24
31 16
37 21
13 38
29 37
25 32
22 34
32 20
18 19
25 16
31 40
37 35
17 27
40 14
24 34
21 21
24 23
31 33
13 22
25 35
25 13
30 22
32 13
31 17
37 40
13 25
15 29
31 30
19 22
31 31
29 25
19 29
34 37
13 40
17 34
27 17
27 29
27 33
34 38
30 37
30 39
18 15
27 28
35 18
28 30
25 27
39 17
15 18
33 34
36 20
16 13
34 22
32 23
37 36
21 14
36 32
23 15
27 26
17 35
13 34
19 37
36 16
26 37
24 29
16 40
29 20
36 18
29 30
25 30
33 22
36 40
13 29
36 23
14 37
23 17
34 35
15 31
33 26
29 22
27 27
26 31
37 18
16 19
38 22
30 25
28 38
22 37
33 36
15 34
35 26
34 16
35 38
16 31
25 19
28 14
28 27
36 24
16 18
13 35
31 23
37 29
40 28
19 19
16 20
33 29
33 21
31 13
21 38
15 32
13 26
33 24
28 23
16 36
31 26
23 23
24 18
23 32
32 16
18 28
38 37
15 23
16 33
23 14
27 36
34 18
28 35
18 18
14 26
25 39
34 13
29 40
38 20
35 33
30 38
35 34
24 22
39 37
17 20
15 14
13 24
29 31
30 40
35 35
27 39
37 32
20 16
30 16
39 27
31 36
20 40
20 19
17 28
19 13
18 14
29 19
14 27
29 35
13 14
34 19
14 22
33 20
24 19
24 13
30 20
32 35
18 21
18 26
23 28
15 25
29 17
23 20
25 40
23 19
32 18
20 32
19 25
25 31
14 39
24 39
34 39
37 25
25 22
29 26
19 39
13 27
13 15
21 18
33 27
33 32
18 39
19 33
15 20
39 15
21 25
40 13
15 22
34 25
34 20
20 18
38 13
29 34
16 27
21 26
15 28
34 30
18 40
16 23
30 31
27 35
17 33
13 23
