35 95
18 20
16 17
10 15
24 8
8 20
22 12
10 22
18 12
21 8
20 16
11 8
19 24
15 12
9 21
24 25
22 17
8 13
16 23
13 9
25 25
10 12
19 18
14 9
15 14
11 25
15 18
21 12
18 15
13 24
19 22
17 21
23 12
23 13
12 24
14 14
25 21
25 8
16 24
10 13
13 16
15 23
23 14
11 23
17 25
23 24
14 8
17 11
22 21
9 23
15 9
12 9
23 19
14 25
13 18
8 14
16 8
10 23
12 22
19 11
13 14
21 9
13 23
15 20
17 14
16 19
21 21
8 19
24 10
20 17
10 16
20 15
24 9
8 11
11 17
8 9
24 16
12 14
10 19
21 24
10 21
9 16
17 15
25 14
17 18
24 12
16 22
22 20
12 16
13 15
13 8
13 17
21 15
25 17
17 13
15 10
