39 89
25 14
28 28
27 26
20 23
12 22
15 12
27 17
20 18
28 12
27 21
13 25
23 13
11 13
28 13
24 19
18 21
24 13
15 24
22 14
19 24
25 20
22 12
25 25
27 11
23 15
10 12
9 28
12 21
9 10
19 15
23 24
21 20
27 9
12 14
15 22
9 14
26 13
19 17
25 16
17 9
17 15
21 13
11 23
17 14
17 16
16 23
20 25
24 14
15 14
22 19
16 14
21 26
24 24
13 19
16 24
11 14
9 26
9 13
23 28
14 25
9 15
28 19
21 27
14 26
15 26
26 20
9 16
19 9
9 23
24 21
25 12
25 24
14 10
20 27
19 16
11 24
24 10
24 26
12 13
22 17
26 19
17 22
27 14
13 23
15 9
21 15
24 20
9 19
27 23
