39 99
15 27
11 28
10 23
12 15
24 27
22 15
24 12
15 25
24 16
25 21
18 26
19 13
20 21
27 20
21 14
18 21
23 24
11 15
26 27
20 16
9 17
24 22
23 17
25 12
26 14
28 19
15 12
21 25
17 9
23 19
18 19
16 21
24 21
21 12
15 18
28 21
27 21
27 16
25 9
20 17
18 17
25 24
15 23
11 21
21 24
27 28
9 24
13 12
23 12
27 18
13 19
23 25
15 21
15 11
15 28
25 15
12 23
15 22
11 17
10 14
28 9
10 10
20 19
10 28
23 23
12 28
11 10
19 21
22 11
23 28
9 10
21 11
21 18
22 9
20 24
11 16
10 12
22 28
22 22
18 28
12 19
27 23
19 22
18 23
24 15
14 9
13 22
13 25
19 15
10 15
15 19
17 17
21 17
28 10
18 22
23 18
16 20
12 14
17 11
