39 109
17 14
10 9
12 10
17 22
26 22
12 13
19 15
12 26
9 11
25 20
19 14
16 25
11 9
9 9
17 9
26 14
13 28
22 21
16 23
14 25
10 11
18 15
28 22
28 15
11 23
13 23
17 23
17 27
18 20
10 19
19 22
26 13
14 23
22 15
24 16
22 19
14 20
22 26
21 18
9 26
15 24
19 17
28 18
14 28
9 20
15 13
11 12
26 15
27 12
20 19
22 24
18 11
12 20
16 21
20 27
22 25
13 15
25 13
27 26
21 16
9 25
12 23
22 10
11 24
9 21
25 21
24 28
21 24
26 18
14 14
20 26
9 19
15 20
10 14
18 27
15 26
18 26
27 18
16 26
12 21
13 14
9 18
27 21
25 18
24 23
21 14
26 19
17 17
21 12
27 20
25 17
10 23
27 11
19 19
24 10
13 17
18 14
28 20
13 13
15 12
17 20
16 24
24 12
15 23
16 15
12 14
25 15
16 18
10 16
