39 119
28 15
17 11
23 17
18 27
22 18
27 22
19 9
27 19
23 11
27 21
12 19
25 25
14 12
26 14
25 9
23 15
20 15
18 21
21 14
15 17
15 20
28 25
25 26
12 14
18 20
20 27
28 22
28 11
13 14
11 13
18 10
16 11
19 20
16 20
18 24
10 15
15 27
19 12
12 20
12 9
10 28
23 14
22 23
17 15
24 10
16 21
13 19
23 19
28 21
9 27
24 20
16 14
27 26
14 11
16 24
11 14
25 19
26 27
28 18
10 26
24 13
17 22
18 15
19 27
14 25
27 9
20 13
28 14
16 16
18 13
14 28
21 13
19 13
26 22
22 22
23 16
22 15
20 20
18 18
16 23
24 11
15 18
19 26
25 27
26 10
27 20
22 28
27 27
16 27
12 24
10 22
14 19
9 25
21 20
13 27
20 26
15 11
11 15
13 25
18 16
17 27
22 9
9 14
26 25
21 17
10 21
10 16
14 27
22 21
17 20
14 21
23 24
12 13
10 24
26 13
18 17
25 15
25 20
22 20
