43 83
10 11
26 30
22 23
31 26
27 18
26 22
20 28
25 22
17 12
23 25
13 25
16 13
17 23
22 26
30 26
18 15
20 12
14 20
24 13
20 18
24 31
21 16
31 28
10 18
26 28
20 27
17 14
29 29
11 12
20 10
27 28
26 24
20 15
31 19
22 16
27 16
19 17
12 18
12 14
30 14
28 26
25 20
12 17
27 31
26 14
16 14
15 22
18 22
19 10
10 13
31 15
12 28
19 29
28 31
10 20
25 14
27 14
25 19
27 26
31 10
19 16
18 28
29 31
17 20
13 12
27 19
19 22
31 13
31 23
18 23
16 15
25 13
12 11
31 18
23 26
15 11
25 11
30 19
14 23
14 30
18 29
19 20
30 10
