43 93
14 24
13 13
30 29
31 30
26 10
25 24
31 17
30 30
18 21
15 26
22 27
25 17
28 17
28 30
10 16
30 27
17 28
16 29
13 30
24 25
16 17
14 11
14 17
29 30
26 16
14 13
26 29
10 13
26 18
25 31
28 13
25 20
21 18
27 17
12 24
19 19
26 23
23 27
13 27
21 13
16 11
30 28
28 14
23 25
16 18
31 24
24 15
28 12
15 31
31 19
18 30
16 28
15 27
26 28
29 11
10 12
16 23
18 13
21 10
19 10
24 28
17 14
29 10
21 17
11 26
18 25
29 15
16 26
30 11
25 25
23 20
18 19
23 22
30 20
21 12
15 28
11 23
12 22
25 14
19 12
16 22
28 28
30 12
10 28
18 22
24 11
22 19
12 16
13 16
27 18
24 27
18 27
15 11
