43 103
11 19
16 22
22 18
13 13
27 24
28 21
17 18
14 27
12 11
28 10
23 13
12 26
22 31
13 23
17 31
24 15
31 11
31 21
20 27
21 26
23 21
26 28
20 12
30 12
20 13
31 24
24 25
29 18
31 30
26 17
16 15
14 31
20 30
22 13
12 23
19 30
11 23
30 14
28 17
11 13
28 25
15 10
28 19
12 21
13 12
11 18
14 16
29 19
11 15
31 22
18 29
10 12
30 24
24 16
25 17
28 18
19 25
13 20
24 20
16 12
23 11
27 16
20 16
10 11
13 11
14 17
17 30
14 11
27 11
26 14
15 24
25 10
20 31
16 29
14 29
23 19
16 20
11 22
19 16
27 12
27 10
29 22
25 12
23 12
21 19
14 19
14 28
19 27
11 26
22 22
26 19
13 31
26 23
26 29
27 21
16 24
31 19
27 25
14 21
12 27
14 23
16 26
19 20
