43 113
12 19
25 25
15 25
26 29
14 15
29 23
18 16
20 30
19 27
23 26
24 24
17 30
15 12
19 12
18 11
31 24
28 26
30 23
28 11
13 15
23 18
27 12
28 23
12 14
24 17
29 28
30 12
24 14
19 24
24 18
13 31
19 29
15 22
19 23
20 18
27 11
14 21
31 18
24 20
12 17
22 13
21 25
17 23
11 26
10 20
21 31
28 25
27 20
20 14
23 22
12 28
31 22
29 29
10 19
30 27
21 12
16 25
18 27
10 12
19 17
31 13
16 16
14 18
12 22
29 24
10 15
26 27
21 30
20 24
10 14
27 22
19 31
29 22
11 23
28 12
17 21
19 28
13 26
10 30
12 15
14 29
27 10
26 22
23 19
24 31
25 27
25 24
22 20
31 10
25 21
19 30
24 11
13 20
28 22
10 13
25 11
23 24
12 12
22 10
13 19
28 30
25 10
30 22
22 22
16 10
13 14
10 22
26 30
11 12
28 16
24 15
15 23
15 17
