43 123
24 10
12 11
17 10
23 29
20 18
26 10
12 29
18 26
27 19
15 30
23 14
10 14
11 27
19 30
29 19
23 25
13 30
24 17
13 29
22 24
22 15
28 24
23 13
17 20
16 11
15 21
15 12
25 16
22 28
20 16
25 14
25 23
26 13
12 18
15 18
17 16
18 10
11 17
23 27
10 23
10 30
24 15
23 20
22 22
31 13
24 27
17 23
19 31
29 22
14 25
27 27
16 25
24 12
15 11
29 21
28 10
21 22
23 17
17 29
30 23
21 19
14 15
31 24
15 31
25 15
22 20
17 22
15 19
20 13
12 10
22 13
25 28
16 26
27 15
30 22
12 15
16 24
25 11
26 21
24 19
30 31
12 23
15 10
31 31
14 26
12 13
18 18
18 15
22 31
23 21
16 21
10 25
18 22
14 22
21 21
21 20
29 14
31 19
23 23
27 24
17 14
17 17
31 26
28 16
12 17
10 19
18 25
26 15
29 24
13 17
16 16
27 29
10 10
28 25
21 17
28 29
11 26
18 16
25 18
13 15
10 15
29 16
29 28
