43 133
13 27
19 31
30 20
28 27
25 31
16 18
22 15
16 10
25 23
13 19
16 31
20 17
24 25
26 22
11 17
11 16
15 15
24 11
11 25
30 31
11 20
31 11
23 14
23 18
11 14
24 16
10 29
13 12
26 23
13 28
15 21
22 17
21 19
14 14
19 11
13 15
18 26
26 10
23 30
13 24
12 11
17 24
10 28
22 18
12 18
24 22
15 11
15 30
23 23
10 15
10 14
27 16
23 11
13 21
29 30
18 20
14 21
15 18
24 15
31 18
10 23
29 26
10 19
19 14
31 10
14 26
24 26
17 17
25 14
31 31
31 13
17 13
22 12
22 16
11 19
22 10
28 24
20 15
17 22
18 19
15 31
30 18
26 14
31 29
28 30
18 23
30 10
26 18
26 15
12 15
10 17
19 25
10 21
19 28
26 25
21 12
23 26
25 12
23 28
26 17
12 23
29 25
23 12
26 16
29 16
25 25
20 10
24 12
11 12
27 26
17 14
30 21
11 31
10 24
11 27
14 11
29 23
31 22
12 31
13 30
17 29
26 11
17 23
14 27
12 16
30 24
25 19
24 30
25 15
25 16
21 23
27 25
27 11
