43 143
29 28
12 11
18 23
21 31
19 13
27 26
27 21
18 17
24 29
18 20
27 24
17 11
17 28
30 20
27 19
19 11
12 27
24 31
13 11
21 23
27 13
12 17
30 30
22 24
13 13
27 22
10 10
27 29
21 18
22 19
14 25
21 19
11 12
26 14
29 27
27 11
24 19
29 16
26 23
22 15
12 15
15 16
21 10
21 28
28 28
11 17
23 18
24 16
24 30
25 20
27 10
14 19
14 29
25 18
20 13
15 28
31 13
13 18
14 21
15 21
24 10
11 30
26 11
22 23
10 21
14 16
28 18
23 31
17 17
31 26
30 19
16 29
22 27
12 31
22 22
11 31
20 22
12 13
21 22
30 14
23 25
22 16
11 13
27 25
16 13
17 18
22 18
12 22
25 19
15 11
23 13
13 15
12 30
18 11
28 23
10 16
21 27
16 12
31 17
22 30
12 14
26 16
11 19
22 28
21 17
26 27
25 31
30 10
13 16
12 12
18 30
23 16
20 31
23 22
22 29
25 13
14 20
29 29
26 13
27 27
14 12
24 26
27 16
16 28
30 21
28 26
28 22
29 14
19 15
17 13
22 12
17 26
10 13
30 12
31 18
12 16
24 11
30 31
23 14
23 23
15 27
10 27
26 24
