43 153
14 26
16 20
11 23
30 22
22 31
10 17
13 20
27 20
13 21
31 25
28 30
29 15
10 25
18 19
27 10
11 13
24 15
16 14
12 10
16 17
22 24
13 19
15 19
10 12
23 15
23 21
10 13
24 23
28 27
10 19
14 28
28 24
14 22
30 27
31 20
26 20
24 25
27 19
16 31
10 14
26 17
18 25
23 18
23 31
22 27
10 31
18 15
23 17
12 23
18 14
24 21
31 11
19 28
17 27
25 23
31 19
12 12
29 13
31 29
28 26
30 20
23 14
23 11
13 13
28 21
29 20
21 15
12 26
16 21
23 28
22 26
14 29
30 13
18 28
28 25
17 23
28 22
24 26
17 17
31 16
24 31
19 29
28 15
15 28
17 24
20 27
20 10
31 13
12 16
25 26
29 18
24 11
20 11
26 23
13 17
13 10
30 26
23 19
11 15
14 20
28 16
13 18
10 18
15 27
30 18
22 12
19 20
25 13
19 14
19 21
26 24
24 24
18 31
13 24
27 26
22 17
22 28
25 25
27 30
21 29
21 20
20 19
18 21
28 18
25 14
24 14
31 27
26 19
21 18
26 31
31 17
19 25
28 14
15 23
17 22
18 30
12 19
17 15
26 14
18 13
14 17
22 13
21 30
30 30
17 12
21 24
25 16
23 29
15 26
29 19
27 22
14 18
12 24
