47 87
22 34
30 29
21 23
29 14
15 25
17 26
21 16
32 31
18 15
34 28
16 34
30 11
11 16
26 17
31 12
26 16
27 23
20 22
34 29
20 30
24 28
31 21
23 18
23 29
12 18
26 19
28 28
14 23
29 13
25 13
17 31
19 21
21 19
20 21
30 19
13 13
17 29
19 17
31 23
16 28
30 14
31 18
20 27
14 29
13 17
28 27
28 26
21 21
34 18
33 28
19 31
32 26
17 22
23 21
11 26
14 31
26 30
18 12
20 34
23 19
22 13
20 16
19 23
33 27
34 25
29 19
12 24
18 13
14 20
25 26
34 34
28 22
27 30
21 34
15 22
25 21
11 11
31 30
28 11
24 34
26 26
25 27
16 33
19 15
27 18
29 23
23 11
