47 97
32 22
23 24
24 22
25 16
13 33
32 23
31 34
13 32
26 18
13 11
24 19
21 13
22 27
29 26
17 12
19 34
25 15
26 16
17 15
20 24
33 24
20 16
23 19
24 24
32 32
14 17
24 13
30 27
23 12
11 11
28 15
16 26
27 21
26 34
22 14
24 27
28 12
21 34
26 26
15 27
11 29
16 21
34 18
20 19
12 25
24 26
32 20
28 11
30 17
16 12
33 28
32 11
19 29
27 13
27 33
33 25
24 14
30 29
22 16
29 12
31 33
34 11
24 29
15 14
23 14
18 29
15 26
29 17
28 21
25 17
13 21
20 29
12 28
24 33
21 23
28 25
34 14
27 28
15 12
11 19
30 22
34 12
25 28
25 12
31 31
16 33
26 31
13 14
25 13
27 12
18 31
31 22
13 17
32 24
27 26
16 25
13 31
