47 107
18 27
29 19
16 24
33 14
19 24
27 20
28 15
12 20
16 14
22 26
24 34
20 11
16 27
17 20
26 15
21 11
19 18
34 12
28 20
31 29
25 20
22 22
18 23
22 24
25 31
19 30
20 25
12 28
28 26
23 34
21 25
26 21
28 11
25 16
23 26
14 33
31 14
19 21
16 34
13 17
26 22
12 26
33 27
31 31
21 27
22 18
30 13
30 25
33 25
24 26
15 29
14 32
14 27
21 34
25 32
31 12
11 29
12 21
32 34
11 12
21 13
26 11
32 19
24 17
32 18
30 17
15 13
29 30
18 33
22 33
28 27
19 17
28 12
21 19
29 22
24 32
28 33
31 22
18 18
27 27
21 33
25 24
30 27
28 22
27 17
31 23
31 25
21 30
25 12
12 29
23 13
12 13
19 32
25 27
30 21
21 12
23 12
30 26
26 24
30 32
27 30
31 15
25 11
12 16
27 28
11 27
21 32
