47 117
15 14
21 25
12 24
19 32
28 28
24 17
19 26
31 31
29 28
15 25
26 30
23 28
34 26
30 34
33 34
30 23
33 25
21 27
24 25
32 29
28 27
24 33
18 24
17 30
32 33
28 33
20 25
13 17
23 19
32 30
26 17
29 18
23 11
34 11
19 29
17 14
27 28
26 33
18 12
22 13
21 23
27 24
15 15
28 23
24 15
23 29
26 27
20 27
17 21
12 30
23 24
32 19
13 34
12 33
29 15
18 25
30 33
25 34
25 11
21 29
34 29
30 21
18 13
24 16
19 28
18 17
16 12
27 27
14 16
17 28
25 13
27 20
17 17
32 31
19 13
33 12
11 12
27 29
13 25
29 11
12 25
27 26
13 31
17 20
21 13
29 21
26 34
34 28
24 23
21 30
13 24
11 14
25 15
26 15
27 21
20 13
24 34
22 19
12 20
13 23
33 16
16 16
24 11
21 20
16 26
12 11
23 20
22 11
21 15
18 11
11 18
26 24
21 11
13 33
34 12
27 13
34 13
