47 127
28 30
26 16
15 24
24 32
14 21
27 32
25 24
29 24
27 11
22 33
12 24
15 13
16 32
31 17
23 31
18 25
18 21
16 12
34 22
26 20
24 16
21 16
27 14
32 14
18 33
16 28
32 27
29 18
11 32
31 30
24 30
23 28
23 14
14 33
23 34
26 18
17 13
12 19
16 11
23 27
33 34
14 19
24 13
28 28
21 20
23 20
20 29
27 34
16 24
23 32
12 22
20 26
19 23
29 30
27 28
31 31
17 32
13 16
11 29
32 28
34 18
27 13
19 17
14 28
17 30
23 18
21 29
11 19
14 24
29 34
20 15
28 11
13 21
21 22
26 33
34 15
27 21
30 24
32 20
28 25
32 32
23 16
20 30
15 25
13 22
34 23
26 17
14 30
19 20
26 31
31 19
21 32
13 17
20 19
23 12
13 30
15 22
22 18
30 20
30 17
16 26
26 30
14 22
30 26
32 34
31 29
22 22
31 13
31 32
28 32
30 18
16 13
25 19
25 16
13 11
13 34
15 17
17 15
20 25
14 18
25 29
25 11
31 34
14 16
31 11
19 25
25 31
