47 137
20 29
34 19
19 33
23 33
30 25
14 31
32 27
32 28
26 34
22 21
29 26
22 14
29 33
14 27
33 31
12 15
13 30
11 28
19 20
13 27
11 20
23 22
33 33
23 23
30 33
26 12
30 28
17 29
27 15
12 13
33 12
16 20
11 19
32 33
27 22
26 24
21 18
28 16
24 12
22 19
18 22
28 32
24 32
34 22
12 33
33 20
20 11
33 21
15 26
13 29
22 23
31 32
27 25
21 22
29 25
34 23
22 22
12 12
19 15
26 18
24 30
15 28
34 27
24 22
24 33
34 14
33 29
25 11
24 14
17 32
23 21
31 33
20 15
33 23
12 24
19 29
17 13
34 13
31 24
31 22
13 16
27 11
15 15
17 22
27 34
20 25
22 34
21 11
27 30
31 18
18 15
30 20
21 25
24 18
25 16
21 15
29 29
17 30
17 23
14 33
29 23
30 32
19 14
30 26
28 28
12 21
31 23
11 33
20 24
28 14
29 28
16 18
21 23
29 14
31 20
23 29
22 13
20 27
18 21
17 25
21 16
25 27
11 32
16 32
13 33
30 34
31 11
16 13
13 28
26 23
20 33
25 17
14 29
19 31
18 27
25 32
33 32
