47 147
18 14
11 26
29 28
15 15
13 29
25 21
25 31
17 16
29 30
16 19
20 34
19 20
28 14
14 17
32 33
18 28
30 34
33 16
21 13
24 11
18 23
33 17
20 24
12 26
24 13
20 12
11 11
27 13
21 31
34 16
34 27
33 20
11 23
17 11
31 24
26 25
32 23
32 25
19 11
34 34
32 18
15 14
23 29
15 21
17 17
13 20
34 24
19 14
21 24
24 33
11 33
30 28
29 15
21 23
25 22
26 11
27 11
12 32
26 26
32 27
32 14
29 19
28 13
28 24
22 26
30 31
22 24
28 26
24 32
24 22
29 29
13 16
12 33
34 30
12 16
11 12
18 19
34 19
20 28
24 24
17 14
25 32
13 31
32 24
28 31
24 14
34 26
23 15
17 30
27 27
28 18
28 23
27 25
31 27
14 24
16 14
17 32
29 16
34 32
25 34
27 21
23 24
16 29
26 31
32 11
27 28
32 21
15 22
32 29
17 26
18 34
27 20
31 17
34 33
16 23
21 11
33 24
29 20
20 22
28 32
29 17
15 18
30 14
21 14
34 29
30 30
32 30
25 17
20 23
34 22
26 27
15 30
18 15
34 11
12 19
14 11
24 17
14 19
22 23
16 22
16 18
13 23
23 18
33 13
19 19
19 24
27 34
