47 157
12 23
34 13
33 34
15 33
31 17
20 23
18 15
19 15
32 19
33 30
30 22
23 30
19 31
32 24
14 32
15 28
24 32
24 23
14 27
12 27
29 15
22 12
26 28
30 18
30 30
17 19
13 32
15 32
18 31
26 30
17 26
21 27
19 27
30 26
22 22
34 19
12 20
12 13
21 18
30 19
25 30
28 29
28 34
20 27
23 14
31 34
29 18
11 26
31 22
28 17
30 13
30 16
14 12
24 28
33 12
29 21
11 24
23 19
22 14
19 34
22 30
25 11
31 11
23 26
32 25
21 26
24 21
21 31
15 19
12 17
28 28
15 25
28 25
12 31
32 30
24 13
24 33
27 11
12 26
32 22
32 31
21 23
21 15
23 13
26 14
33 32
26 19
19 32
27 19
22 32
13 28
30 32
19 24
16 23
11 32
14 24
34 28
15 16
25 18
15 21
28 31
11 34
11 28
20 21
25 25
13 27
28 27
23 15
33 31
31 28
22 26
30 34
19 14
27 20
28 23
12 33
27 24
14 18
20 19
25 34
22 19
24 31
30 27
28 33
14 16
28 16
16 28
29 29
20 24
20 32
25 26
12 24
12 22
32 16
31 13
18 14
26 15
19 28
25 21
27 15
32 23
34 21
15 13
13 19
34 30
21 21
18 21
18 33
18 20
33 22
27 26
34 31
13 12
33 29
13 25
30 24
34 22
