47 167
24 15
34 27
15 24
19 28
32 26
16 28
30 14
18 15
17 26
23 21
28 14
14 27
25 23
18 20
27 17
33 18
30 29
13 29
23 34
33 16
24 34
23 15
24 12
21 21
25 29
28 18
12 16
14 15
22 26
17 19
14 23
13 31
15 34
28 28
23 19
32 14
13 30
32 32
15 15
32 30
14 34
24 30
12 27
21 13
18 29
18 33
33 14
18 24
16 16
32 20
30 19
24 29
23 11
28 24
28 22
31 13
20 13
23 31
11 14
26 11
20 21
34 18
12 17
11 21
16 21
19 17
17 16
27 18
16 13
28 19
29 25
25 13
12 19
17 23
22 13
21 32
19 11
21 29
24 17
32 16
34 17
19 32
24 16
25 21
27 16
15 31
29 26
29 12
31 27
21 14
18 11
21 31
30 27
32 21
31 28
23 12
24 27
12 22
34 13
16 20
30 32
28 23
11 28
20 17
30 25
24 19
22 14
16 27
23 27
27 13
23 20
22 34
29 33
25 27
30 34
15 23
18 27
26 12
18 14
18 13
12 13
11 31
11 11
29 29
25 24
12 31
32 13
33 24
34 23
16 34
16 30
22 18
11 15
30 22
27 19
26 21
13 28
31 20
29 31
21 33
18 19
21 23
34 15
30 31
14 12
13 12
19 33
34 19
26 20
21 28
19 19
28 17
30 26
16 24
29 20
18 17
32 28
20 14
31 29
19 25
30 21
15 20
34 33
28 11
18 12
14 33
24 20
