47 177
13 18
27 31
27 20
26 33
18 14
26 20
20 31
19 33
29 28
19 24
29 33
33 27
29 22
24 22
27 28
23 23
29 12
14 15
30 15
25 24
30 14
26 32
34 17
11 29
29 32
29 25
16 13
13 26
34 16
19 22
16 21
14 26
27 30
32 16
24 18
28 24
12 28
12 17
25 29
33 22
21 29
26 13
23 11
29 18
19 21
32 17
24 12
33 15
31 22
16 11
17 12
23 28
14 12
13 20
31 23
16 31
20 17
16 26
13 11
21 17
33 18
34 22
24 32
22 32
33 33
11 34
27 17
16 28
13 24
26 15
31 33
27 14
31 11
27 19
30 23
27 27
25 31
33 16
28 17
15 13
24 33
25 33
17 21
23 14
19 26
22 27
17 13
14 13
13 30
11 30
32 13
30 12
29 29
19 20
11 17
33 19
16 24
31 25
22 18
25 13
30 27
29 34
18 31
16 12
20 13
23 22
29 24
18 28
28 20
32 20
18 15
32 25
34 19
25 25
33 23
18 22
27 12
13 29
18 17
26 19
12 30
28 21
18 27
22 24
25 14
29 20
21 23
17 24
19 12
21 12
22 25
20 32
11 22
14 30
26 16
24 11
33 26
24 21
18 23
25 15
33 21
26 14
22 28
26 28
32 19
24 34
27 18
14 34
22 30
31 17
27 26
32 28
33 32
16 18
16 20
12 25
33 25
20 24
12 34
17 31
28 13
31 27
24 14
15 29
31 32
17 20
18 30
18 18
29 26
16 16
34 12
13 27
20 12
28 16
28 22
17 19
26 29
