51 91
16 37
22 17
29 21
33 14
37 23
31 20
22 19
15 20
15 34
13 28
16 12
21 17
20 27
37 31
25 26
28 21
22 37
19 30
25 28
20 16
15 17
14 34
27 32
32 34
33 17
26 27
23 25
22 13
22 31
22 15
29 18
13 23
36 14
13 26
18 25
21 30
16 15
17 36
35 27
30 24
12 31
21 20
36 28
28 16
37 21
37 33
18 19
37 35
13 25
30 25
19 33
31 21
16 16
28 20
21 32
32 22
30 34
29 31
28 34
18 36
25 29
19 20
29 27
17 15
31 23
31 33
20 19
32 23
25 30
26 35
13 22
18 26
30 14
18 14
28 13
16 30
15 33
18 23
29 28
28 30
26 34
37 25
30 12
22 34
18 37
30 37
37 30
32 18
34 21
15 18
20 30
