51 101
25 19
21 29
37 30
37 19
22 20
28 29
17 18
24 25
25 25
24 14
33 37
28 25
21 34
32 33
26 21
32 23
24 24
33 36
37 15
20 15
20 25
33 18
25 16
13 13
29 24
28 37
30 25
22 32
21 21
31 27
27 37
35 31
23 28
31 31
32 36
20 24
18 25
14 16
33 29
29 21
12 25
28 23
35 37
26 31
26 24
36 33
23 19
20 27
16 24
35 35
20 13
19 19
29 19
30 24
24 26
20 37
31 17
17 35
16 25
14 19
12 14
17 25
13 15
19 33
27 24
25 23
18 12
19 26
35 14
21 25
36 14
28 12
17 19
34 26
33 16
23 27
26 19
26 26
34 30
32 30
16 16
35 29
18 31
18 24
34 17
37 29
18 19
21 16
12 30
24 36
34 35
35 13
27 35
34 21
36 17
28 36
32 13
34 32
28 14
27 31
23 33
