51 111
25 35
12 25
31 37
23 17
14 14
36 27
14 19
26 29
27 15
23 21
22 18
15 23
22 15
31 22
31 28
23 13
28 32
25 31
17 25
30 16
25 12
23 30
16 12
32 24
33 16
13 22
18 26
16 26
19 19
37 22
18 16
30 14
30 20
18 18
13 35
34 12
32 13
15 26
30 12
35 31
36 16
27 18
20 20
12 16
29 19
20 19
19 34
36 31
37 36
20 21
23 34
33 37
14 20
25 26
26 26
17 33
18 32
12 31
24 14
14 35
32 36
15 28
27 17
19 32
21 37
13 31
22 30
33 22
34 27
31 35
35 20
13 25
25 29
29 29
16 24
37 23
13 36
26 31
32 35
24 37
24 30
27 36
30 29
28 25
25 15
18 17
12 33
15 27
25 37
35 35
30 13
35 28
32 18
15 24
23 19
14 13
19 14
24 32
35 19
26 25
20 14
13 26
28 16
14 34
20 34
20 13
37 32
27 30
34 17
27 20
28 13
