51 121
12 18
30 29
31 34
12 20
16 31
30 23
15 13
32 19
31 21
24 37
26 17
34 13
19 14
24 18
25 24
25 14
29 33
31 33
12 21
25 26
25 13
31 36
19 29
35 22
17 14
29 14
27 23
20 28
14 30
28 19
34 34
19 23
22 14
18 31
12 26
33 28
25 34
16 17
28 30
18 21
33 31
31 23
17 32
17 28
21 14
23 26
14 37
19 31
18 23
22 26
34 27
24 26
18 27
18 28
33 19
13 35
23 17
14 31
23 15
18 26
35 13
25 19
33 26
20 16
16 26
28 31
24 31
14 23
29 35
27 34
35 15
26 24
29 26
14 20
31 20
19 20
16 16
24 30
28 25
28 27
20 12
28 29
28 32
22 25
26 23
16 15
32 17
30 15
32 12
21 26
35 14
20 30
14 22
34 29
22 32
22 30
37 13
12 13
36 16
20 22
22 21
23 33
18 22
36 34
35 27
37 17
37 22
19 21
30 28
14 15
34 31
35 25
33 22
33 35
29 19
14 24
14 21
16 18
15 17
32 18
30 34
