51 131
13 19
33 29
36 20
30 19
24 29
17 28
36 12
36 34
34 24
21 24
23 34
33 17
22 33
37 16
17 33
37 26
13 28
24 19
15 33
27 21
31 21
35 19
18 37
34 29
26 22
23 36
31 31
33 18
19 35
19 31
24 30
28 20
28 13
18 26
16 14
35 13
15 29
14 28
28 33
37 33
34 19
29 36
25 26
22 26
23 22
29 21
32 30
34 37
27 20
22 22
35 31
32 16
18 14
35 15
16 29
29 29
17 26
12 31
35 35
19 25
36 22
18 22
22 23
19 16
26 31
23 27
21 27
14 23
13 29
34 21
12 26
29 14
19 27
15 30
14 31
25 29
23 32
12 23
36 16
30 14
21 13
21 26
28 14
13 30
18 30
16 31
18 23
32 31
21 21
17 34
14 18
36 26
18 36
17 25
14 30
22 24
33 12
21 36
18 28
12 15
16 36
36 27
30 31
37 15
23 18
12 34
36 14
28 34
37 14
26 19
25 36
24 24
29 18
27 19
19 30
26 23
36 35
21 33
17 13
31 16
35 32
29 23
30 13
33 35
18 21
35 25
37 31
18 34
21 35
27 15
28 31
