51 141
23 31
33 31
34 19
32 12
26 24
17 24
14 13
34 21
23 15
31 23
12 28
27 12
27 24
15 37
32 23
27 18
13 13
13 20
18 34
14 37
30 27
20 16
36 29
37 35
13 23
32 28
33 32
33 27
37 30
37 16
22 28
15 22
24 18
16 22
15 31
31 30
12 21
19 12
12 18
15 15
14 25
17 21
25 37
29 31
30 35
36 34
32 36
26 15
12 14
36 26
13 16
27 30
15 34
25 21
15 17
16 14
33 29
25 14
20 18
21 23
15 32
37 13
28 22
31 26
21 17
20 36
21 19
26 16
22 27
33 18
24 29
27 37
17 34
31 29
13 31
22 19
18 32
22 37
33 36
18 22
27 20
27 19
18 28
16 28
37 26
33 37
36 36
22 13
24 31
30 25
37 15
26 27
36 22
25 31
31 31
36 28
15 21
20 31
12 36
24 19
20 23
18 23
18 26
24 33
29 28
23 35
23 17
33 35
36 12
25 34
34 17
26 36
26 30
37 25
20 21
28 29
36 14
23 21
25 22
27 13
26 32
29 16
33 34
16 26
30 24
25 12
30 14
30 17
23 13
36 17
37 33
17 36
12 37
26 22
28 17
12 32
14 32
23 19
13 19
27 32
35 36
