51 151
19 20
20 23
34 32
35 24
14 13
36 18
36 33
16 24
12 33
23 18
19 34
36 26
21 23
29 17
31 23
34 31
15 18
27 26
19 28
22 14
15 19
26 37
32 19
35 35
14 23
21 19
32 21
27 35
12 26
37 27
18 24
21 22
28 28
34 24
15 32
27 25
14 25
21 18
17 32
35 22
12 28
28 20
28 27
13 18
16 21
23 24
20 20
18 18
25 20
15 20
34 18
25 13
31 24
25 33
32 18
18 23
24 26
16 33
33 14
12 32
15 27
22 12
14 33
33 12
27 14
17 31
14 26
31 35
37 35
24 16
23 14
15 36
17 30
33 36
21 32
24 31
33 29
34 16
28 23
27 16
26 30
22 26
19 30
24 28
27 18
16 27
22 34
22 22
29 21
14 31
29 15
27 21
18 30
33 20
14 16
35 37
17 27
25 25
15 29
33 30
16 36
28 37
16 23
24 25
19 21
32 27
32 17
35 18
17 19
25 12
37 30
35 26
26 28
26 24
18 37
19 29
22 28
37 37
37 16
22 23
36 28
14 30
37 26
31 19
32 20
34 23
33 33
29 23
34 27
13 28
17 12
15 33
26 17
31 12
34 34
25 19
34 15
16 32
14 20
30 27
24 35
19 33
17 33
34 12
26 20
20 13
24 21
28 30
22 37
23 32
37 32
