51 161
12 16
34 17
25 13
21 26
32 14
25 27
15 37
36 12
37 15
13 34
37 37
36 26
37 36
23 21
28 22
23 25
18 29
18 18
33 36
32 19
30 16
16 37
26 17
24 13
19 23
29 33
37 25
21 28
16 18
23 33
29 34
25 21
14 28
28 29
12 19
19 22
25 34
14 23
32 20
23 37
17 34
36 20
14 20
13 20
20 33
22 29
16 26
21 13
30 22
14 15
35 18
12 25
24 24
16 20
31 12
37 13
16 25
17 26
13 35
31 30
26 16
17 19
15 12
35 20
25 23
21 17
16 35
32 30
22 16
20 13
30 33
23 34
32 23
34 34
15 13
14 31
28 23
16 34
28 32
32 18
12 23
30 14
18 28
22 14
33 13
20 26
18 19
30 13
26 13
12 36
33 24
12 34
33 22
21 36
35 29
27 14
16 22
28 28
15 33
20 35
21 16
14 35
19 15
23 19
16 36
37 14
13 15
37 28
31 31
30 30
36 13
13 13
36 15
27 34
37 24
15 20
22 27
18 37
30 31
15 23
24 34
14 25
17 23
36 34
19 25
24 29
16 32
19 32
22 32
24 16
30 32
34 29
21 24
25 15
18 25
20 32
37 34
26 18
14 34
14 29
18 35
36 17
23 23
20 36
31 15
31 13
34 20
34 19
25 36
14 27
15 25
32 29
26 20
25 28
17 28
18 16
19 26
34 36
22 25
27 21
30 28
