51 171
32 37
23 37
29 27
25 15
31 20
19 24
29 36
28 21
18 24
13 12
18 21
17 27
24 17
32 13
13 26
26 29
36 33
30 16
28 37
21 17
34 37
14 29
15 36
30 12
26 35
27 27
31 16
25 22
22 32
34 20
36 20
33 18
33 17
32 35
36 14
27 35
26 14
20 17
33 25
27 21
35 36
20 13
25 12
23 26
37 21
25 24
17 34
32 29
21 29
13 27
17 29
25 33
37 27
16 32
15 12
19 27
13 30
28 27
24 27
20 31
30 37
34 16
24 16
14 20
24 22
36 12
17 22
30 25
33 16
13 22
20 28
16 13
25 34
21 33
26 19
28 12
24 29
25 36
36 35
18 29
30 31
27 37
14 23
24 13
29 13
12 26
16 30
30 13
30 15
28 25
37 24
12 21
12 25
30 30
30 27
36 13
22 23
12 32
29 30
13 37
33 13
20 36
15 37
24 31
33 19
27 33
17 25
23 15
20 23
22 13
30 35
31 29
18 22
14 13
13 24
25 29
35 35
34 15
34 30
24 15
18 18
15 29
24 24
22 17
34 17
29 29
16 20
24 26
16 36
31 12
33 27
16 25
28 33
34 27
12 16
15 19
15 16
37 12
13 14
31 28
20 18
35 22
15 18
19 28
18 25
12 22
22 15
15 31
37 33
21 21
12 33
16 31
17 19
29 32
14 26
37 13
16 33
14 34
26 34
25 14
34 34
34 14
24 34
16 34
19 26
24 12
36 23
31 24
13 32
28 31
18 30
