51 181
16 14
33 15
13 36
12 17
26 13
15 21
20 29
19 30
34 19
18 15
33 17
27 13
28 21
26 17
29 35
25 25
33 19
16 24
34 30
33 14
35 12
14 36
22 18
37 25
27 23
24 32
26 16
28 32
33 25
18 12
28 35
20 20
26 32
17 20
22 22
21 16
16 33
16 22
22 26
19 26
34 32
24 17
25 27
32 22
27 27
34 17
18 13
31 21
14 15
19 19
37 24
30 26
19 31
15 15
15 27
24 26
12 13
22 27
18 37
14 16
31 24
20 30
26 22
12 36
27 33
22 34
24 18
28 37
30 19
17 23
26 12
13 23
28 17
30 13
22 33
19 21
31 14
33 27
25 30
33 21
33 23
21 33
23 14
34 12
23 12
25 35
16 23
27 24
27 19
15 18
12 20
31 28
37 26
32 18
32 23
18 20
25 19
15 17
30 14
26 27
34 16
23 19
29 20
28 20
22 19
18 23
12 16
34 37
19 22
22 37
36 37
20 19
30 21
17 25
16 16
16 20
12 37
18 16
35 18
31 15
17 17
29 24
34 28
36 33
32 37
35 23
22 36
14 24
37 32
30 20
29 12
24 24
14 20
23 21
35 17
30 36
37 13
24 35
18 28
24 21
23 20
36 22
19 17
23 25
27 21
14 25
18 14
34 22
26 33
22 28
30 24
28 12
22 17
27 26
34 21
29 17
13 37
28 34
18 32
27 34
20 17
12 25
36 29
19 29
29 28
36 28
21 35
37 12
13 13
33 36
31 35
25 28
35 21
29 27
23 13
31 25
34 26
36 27
30 12
12 33
30 29
