51 191
26 28
27 28
27 12
13 20
20 28
33 34
25 25
22 35
13 25
35 16
23 21
24 22
13 26
32 16
33 26
18 28
22 20
29 31
17 34
33 23
27 23
34 28
36 18
21 25
19 26
24 21
19 32
25 35
35 17
12 12
31 18
21 26
31 24
36 16
29 14
33 29
17 37
14 33
14 26
19 33
34 35
14 36
17 14
25 16
16 23
18 26
33 21
31 34
27 19
34 16
16 34
23 15
15 16
35 35
28 12
33 33
37 18
33 19
16 19
31 31
37 37
29 28
21 20
16 16
36 21
13 13
18 17
35 22
28 29
22 31
24 16
26 29
28 27
26 21
26 30
32 14
22 32
12 22
31 33
15 28
29 16
15 14
13 16
20 30
27 15
32 15
13 23
37 12
23 28
22 25
33 28
27 16
27 35
13 15
36 15
22 15
22 29
37 28
32 33
24 18
32 37
13 28
31 15
23 19
13 35
33 27
23 23
29 21
25 28
26 33
22 21
14 27
28 22
36 28
15 35
30 28
29 24
31 14
34 36
33 12
28 32
13 14
23 34
20 24
14 13
12 33
17 19
35 32
23 29
15 26
15 15
35 26
22 36
14 18
32 32
16 13
15 32
12 17
25 30
23 17
27 34
12 31
18 30
20 26
27 26
27 37
32 18
34 13
25 32
20 19
20 36
14 35
37 21
24 17
25 31
21 18
30 32
30 29
27 18
18 27
31 36
25 26
24 36
20 31
22 24
17 22
25 14
29 18
35 33
25 15
25 12
21 37
23 32
24 34
26 23
17 31
13 24
32 27
28 25
26 12
20 12
13 19
12 18
30 12
12 36
32 34
21 17
33 13
12 35
22 23
24 19
