51 201
29 34
12 23
34 18
23 17
23 14
17 18
15 25
36 21
12 13
15 34
23 12
13 25
24 28
16 30
31 19
14 14
12 19
32 18
30 12
29 14
15 19
36 18
13 13
37 28
16 37
25 23
33 18
20 18
36 29
25 35
18 21
17 24
16 14
29 16
34 32
28 25
29 24
27 22
21 37
19 12
13 31
15 14
20 27
37 34
32 30
31 22
18 14
22 12
19 17
37 22
15 12
16 19
29 33
16 28
29 37
20 28
13 37
33 35
25 16
37 25
18 28
23 33
35 28
33 23
12 15
29 23
25 15
30 13
26 17
21 25
26 23
35 31
16 15
34 29
25 22
32 26
27 14
37 24
19 31
33 24
24 30
12 30
23 28
22 30
35 22
16 26
32 36
17 25
13 14
30 29
31 24
20 22
22 18
36 28
17 12
34 30
36 22
14 20
24 35
24 17
22 27
13 34
14 24
14 17
37 21
18 36
23 36
22 19
19 26
22 33
21 36
18 15
25 19
15 26
17 27
13 17
36 15
28 16
18 13
17 13
26 18
26 14
17 34
35 20
25 14
23 26
33 13
31 26
23 30
12 17
19 29
32 35
14 30
25 36
24 26
29 27
29 17
25 34
25 37
18 19
34 19
37 30
32 17
32 20
24 21
25 32
15 37
14 12
30 17
34 37
16 22
15 36
30 30
13 15
15 27
14 31
35 17
31 14
30 16
28 28
22 37
18 29
17 22
21 23
24 15
17 15
25 29
35 16
24 37
14 29
19 35
37 29
21 18
13 19
14 22
25 18
13 18
22 29
31 30
24 23
36 17
12 22
31 27
32 37
19 37
35 24
24 27
20 32
23 20
37 20
22 14
35 30
35 29
21 19
27 16
17 19
17 17
17 36
30 26
27 13
26 22
