51 211
28 17
33 36
24 34
22 14
26 18
27 16
15 25
30 22
13 13
34 26
16 32
32 14
21 18
15 19
25 27
32 34
26 21
13 33
32 26
23 18
14 34
15 15
21 21
19 26
29 13
23 20
14 19
22 21
16 20
35 29
33 29
13 15
13 34
19 21
21 31
33 14
36 18
21 27
22 37
14 29
31 34
13 25
31 33
14 20
25 30
25 22
28 24
37 27
34 16
12 30
31 13
37 36
29 26
13 32
26 25
17 27
22 31
31 25
15 34
25 20
35 19
17 26
13 31
19 14
28 25
26 15
37 12
28 21
31 12
27 31
13 29
17 13
34 25
20 28
29 30
18 16
12 34
15 17
27 12
17 15
36 27
19 17
23 14
32 16
19 12
13 27
36 33
14 28
25 36
21 26
29 27
37 24
24 15
20 22
36 12
22 16
17 23
18 35
23 35
17 25
16 15
34 34
35 28
33 32
12 27
17 16
24 25
13 16
22 18
32 20
26 19
13 37
18 12
22 23
29 36
29 23
18 19
14 23
36 13
25 25
14 14
28 23
23 17
21 28
20 27
33 34
24 21
25 14
12 12
15 16
25 24
19 24
22 30
28 16
35 35
12 26
28 18
12 23
12 35
20 20
35 15
37 30
14 36
18 27
22 33
35 27
31 31
27 27
22 20
30 25
28 12
25 31
30 36
16 34
30 35
24 28
32 18
21 17
14 13
27 21
30 18
32 35
36 30
22 22
27 26
24 17
30 16
34 23
33 31
17 36
36 20
28 33
26 13
35 22
23 34
17 30
18 24
29 18
32 19
21 23
13 17
19 19
20 15
21 35
15 28
16 31
29 24
16 21
20 26
28 14
30 23
37 17
15 33
33 24
24 16
31 26
32 17
32 21
19 16
19 32
33 19
37 19
17 12
37 32
22 27
17 34
13 28
23 32
18 34
21 30
17 35
