55 85
24 28
40 19
20 39
33 25
24 36
29 40
37 35
40 16
25 13
39 14
27 35
36 36
18 14
38 40
25 17
26 23
23 22
24 13
14 13
14 23
26 27
20 22
14 24
14 29
22 16
23 30
27 18
29 32
23 17
19 34
25 34
31 17
20 27
39 28
38 19
34 13
19 17
28 39
24 35
40 27
19 39
16 15
34 29
20 24
38 30
38 31
23 33
26 20
39 15
34 20
28 34
36 22
39 26
40 38
19 40
39 36
15 23
13 27
25 33
18 27
26 32
26 34
33 32
31 32
22 38
28 26
30 32
37 18
20 14
36 39
28 13
26 15
36 32
19 35
40 14
39 18
32 36
13 14
23 31
26 14
15 40
36 26
25 38
37 39
32 22
