55 95
13 16
25 22
18 20
31 35
26 25
19 21
23 35
22 33
36 21
40 21
19 25
27 16
39 39
25 33
38 14
26 33
23 24
40 15
31 23
32 23
38 21
14 30
30 30
28 13
20 35
27 31
39 16
26 24
27 21
14 28
33 40
23 25
16 22
35 31
13 30
35 38
38 31
27 36
17 26
20 34
31 17
32 25
14 29
34 30
14 23
20 19
30 17
28 37
29 35
26 31
23 34
28 38
14 35
28 22
36 32
19 28
25 14
16 31
21 40
29 31
32 37
38 24
26 20
39 21
33 21
14 33
24 16
24 35
23 13
18 33
28 21
19 37
27 25
40 39
27 34
20 26
16 40
25 16
14 27
35 30
14 22
23 29
36 22
28 16
35 17
18 40
14 21
17 29
20 25
33 19
20 31
26 21
18 23
15 33
30 23
