55 105
34 32
26 16
40 18
13 29
20 33
14 32
26 33
15 38
20 25
27 13
20 13
22 20
24 38
18 14
34 25
29 23
15 17
36 30
33 32
18 27
36 35
18 18
33 20
23 22
33 15
34 40
18 20
40 30
37 24
24 35
32 27
13 14
20 20
30 13
37 20
32 38
20 27
31 40
26 27
19 24
19 31
29 29
29 13
29 20
13 30
16 32
30 15
35 22
25 36
40 35
19 18
18 23
17 34
34 28
33 33
16 14
17 38
13 36
31 29
25 39
28 20
33 24
21 35
30 23
32 32
36 17
28 29
23 34
15 27
40 31
22 38
14 39
23 38
16 16
25 13
33 25
13 34
35 21
15 31
14 24
39 28
19 32
28 18
22 30
17 18
21 32
21 38
29 27
37 35
26 20
20 16
28 24
28 30
23 16
31 33
26 28
19 28
18 35
39 15
21 30
36 34
16 17
27 19
25 34
22 40
