55 115
14 30
36 36
39 23
15 28
17 26
37 13
22 15
31 19
38 40
16 25
37 38
40 28
36 40
23 18
29 19
21 35
15 33
34 17
40 26
28 29
37 16
32 23
13 15
30 27
23 40
20 30
13 20
22 40
17 19
25 14
15 35
13 36
17 25
23 39
30 13
21 16
15 27
32 15
30 29
35 21
40 37
40 38
22 13
36 21
16 37
17 37
14 29
33 34
37 24
27 27
31 25
18 17
35 39
39 37
30 28
18 24
30 21
25 33
35 35
15 26
24 28
36 30
36 37
40 16
18 39
22 22
32 32
32 22
22 37
20 38
24 27
26 39
26 40
23 36
26 28
24 24
38 22
21 33
36 20
17 14
27 14
25 28
28 21
29 13
17 33
20 29
29 16
25 29
21 31
34 28
28 14
16 29
29 23
21 27
23 29
29 33
30 39
29 15
33 13
38 26
31 16
31 20
30 25
16 26
28 37
13 21
20 36
17 15
31 18
31 37
34 27
15 30
20 27
29 32
35 38
