55 125
32 36
19 14
14 38
29 13
30 20
30 18
28 38
28 35
17 32
33 13
15 26
39 35
38 40
39 22
37 16
28 37
27 17
37 30
35 29
38 31
18 13
29 24
24 14
36 37
28 31
30 15
30 14
35 39
34 34
23 16
34 28
35 38
33 31
29 39
33 30
38 23
19 22
26 13
23 33
39 14
40 16
22 32
23 28
20 34
37 17
20 40
13 18
30 25
24 36
21 16
17 39
16 38
34 19
34 40
37 36
38 18
38 34
30 16
25 25
16 15
36 14
40 27
14 24
40 30
30 21
14 34
33 27
36 28
38 13
30 40
28 17
27 40
33 33
29 21
19 24
15 31
22 30
18 32
22 26
22 29
37 18
39 26
17 30
30 27
40 15
22 19
14 31
39 39
26 17
13 40
15 20
36 29
23 29
19 31
17 28
20 14
39 28
13 38
16 28
32 24
16 16
19 36
28 21
14 32
35 20
36 36
29 31
18 31
30 34
18 23
20 38
13 21
34 21
17 18
19 21
17 15
25 16
25 36
17 17
34 14
14 16
13 19
28 19
24 22
17 35
