55 135
19 17
21 40
33 35
21 36
13 19
27 28
39 24
38 29
20 16
19 26
39 38
38 39
39 28
34 23
34 15
37 31
35 14
31 22
29 25
20 28
36 27
20 19
33 29
27 29
40 13
18 31
26 39
36 33
26 33
24 37
28 14
14 32
26 36
32 19
31 28
38 20
34 18
30 25
34 21
40 20
21 19
15 14
15 25
31 25
28 39
34 19
14 25
21 21
16 39
20 29
25 37
14 23
14 38
14 21
22 27
35 24
30 39
37 23
29 30
29 14
16 26
20 39
40 32
18 32
13 15
13 39
15 13
16 34
22 13
25 36
38 14
26 35
22 20
19 19
29 16
31 36
31 34
18 25
39 20
22 23
27 23
36 29
35 16
38 23
24 16
32 26
13 24
18 16
33 25
22 38
26 15
16 40
32 22
40 31
40 35
18 15
37 27
13 37
15 32
16 38
38 26
39 31
15 31
16 24
25 15
14 40
30 38
17 39
20 18
38 38
24 22
39 40
17 13
17 15
23 18
37 24
17 14
29 37
33 33
24 32
38 34
18 27
37 28
16 17
37 33
33 40
24 30
22 28
37 22
32 24
19 14
39 36
15 30
21 13
36 25
