55 145
21 28
19 20
18 15
14 21
29 26
21 38
13 29
24 34
29 39
15 32
32 32
18 39
40 22
30 22
25 31
19 37
28 40
15 23
25 40
38 32
21 29
16 20
37 35
24 32
17 38
31 25
16 23
33 38
22 29
22 17
19 27
20 36
15 22
19 23
40 20
40 25
31 35
19 28
20 31
30 36
33 28
29 19
22 24
38 24
22 34
14 17
33 33
36 18
36 17
28 31
34 36
21 34
33 21
35 14
26 18
18 21
31 28
16 34
17 33
40 16
18 24
38 40
23 35
13 14
32 21
29 20
30 19
26 31
20 32
35 21
36 23
30 27
25 25
18 32
14 39
38 38
39 17
34 14
35 17
16 25
14 25
26 29
18 27
15 36
14 34
32 38
38 28
22 14
17 30
34 16
33 26
18 36
36 20
30 34
25 17
26 39
29 23
23 36
26 19
30 30
29 31
24 13
30 17
23 25
15 18
31 16
18 14
27 21
29 35
30 24
16 36
40 15
38 13
13 17
28 22
24 40
16 33
24 19
21 21
27 28
18 20
20 29
29 34
27 13
36 32
36 38
24 21
29 24
20 39
35 13
32 31
14 29
29 40
34 28
35 23
32 29
28 15
30 16
38 19
19 30
26 20
40 24
26 33
37 23
15 20
