55 155
19 15
18 29
37 20
24 32
39 32
30 13
18 37
25 34
18 21
22 19
27 19
26 27
38 24
20 14
18 27
32 28
22 36
18 13
19 32
39 16
20 16
40 38
25 22
35 35
17 34
21 15
28 33
27 14
30 28
35 13
33 32
33 30
29 25
32 32
17 23
37 32
30 14
20 38
29 27
32 35
30 18
15 17
27 27
14 22
38 28
31 29
36 33
33 16
33 20
24 27
25 36
37 22
23 29
31 20
35 33
16 13
35 30
13 40
30 31
14 16
22 13
38 23
34 20
33 29
39 27
29 20
21 16
16 24
27 26
17 21
38 21
37 18
29 38
30 39
22 15
33 40
15 30
21 20
38 38
22 28
17 15
40 34
29 36
32 13
26 34
21 13
18 26
26 29
19 16
27 21
39 25
37 39
16 18
18 39
25 18
17 29
31 35
24 22
14 26
15 32
38 14
30 35
14 25
38 34
15 37
23 14
18 31
36 37
33 24
29 28
37 26
35 34
18 33
39 34
18 18
23 17
32 21
20 28
21 37
36 21
30 23
39 33
33 25
26 15
20 36
35 37
39 18
31 40
26 14
20 19
39 23
35 27
23 30
15 36
16 17
21 28
19 28
38 40
20 20
23 37
32 27
30 37
21 18
28 24
29 35
17 27
34 17
37 30
16 39
26 20
32 38
18 23
35 18
16 27
23 15
