55 165
21 23
14 35
38 17
21 16
28 18
21 25
33 31
31 31
32 38
17 21
38 22
20 28
15 33
35 29
39 24
13 28
13 18
13 32
16 40
40 28
34 31
14 32
20 29
24 14
38 25
35 34
24 17
26 38
15 34
38 30
29 20
37 30
13 37
40 22
33 19
28 20
30 32
33 20
31 15
17 22
15 25
31 21
16 16
32 30
23 33
21 13
25 36
21 28
24 27
20 35
13 27
30 19
27 36
38 14
14 17
31 26
32 28
26 28
26 40
19 22
22 25
30 25
39 19
38 40
32 25
37 37
26 23
16 17
33 25
17 24
33 26
17 17
27 32
18 30
28 31
31 25
34 30
18 13
31 29
29 31
23 37
19 26
15 30
36 14
15 14
29 21
24 15
31 32
27 21
14 40
36 40
32 19
29 25
15 17
31 38
37 31
28 35
40 15
27 19
34 40
16 27
39 23
19 27
31 18
30 21
34 21
20 15
36 26
30 14
19 20
25 30
24 19
22 35
35 40
13 30
24 37
23 26
29 29
29 14
39 17
38 23
35 33
29 39
23 35
30 22
27 25
13 25
36 35
17 23
13 23
21 34
29 15
24 32
40 37
15 39
34 36
34 33
39 29
15 23
40 23
21 15
22 34
28 16
32 35
17 37
26 34
21 35
38 15
24 21
37 24
28 36
18 19
33 28
32 27
16 28
24 29
30 29
27 26
35 17
39 30
14 38
25 32
23 29
18 27
25 34
