55 175
40 39
24 36
20 21
16 14
32 34
26 39
21 40
19 36
16 15
15 25
15 40
31 14
22 33
22 26
16 33
14 16
23 26
19 19
28 20
29 26
19 30
40 33
24 33
26 36
30 15
31 25
33 34
40 23
29 32
17 33
32 22
25 38
37 17
19 18
35 22
29 13
39 17
27 19
32 16
22 29
22 22
22 32
21 26
19 31
32 36
28 25
31 30
34 18
19 28
34 33
17 20
19 14
18 35
14 21
14 19
29 37
17 29
22 34
15 24
30 33
25 29
23 20
24 31
14 23
39 28
20 17
38 20
22 20
35 33
17 39
26 26
33 22
24 32
40 22
15 17
14 20
25 28
33 27
15 29
16 24
36 21
34 22
15 27
33 18
23 35
17 27
23 32
27 22
20 38
24 15
33 37
22 37
34 36
26 23
21 24
20 28
40 26
40 24
30 39
36 15
31 24
38 29
40 18
34 34
35 23
33 23
14 15
16 36
33 24
36 28
16 34
34 32
38 32
32 30
15 23
39 33
28 37
18 18
33 29
22 18
35 27
25 37
15 28
14 35
39 15
16 39
21 37
34 29
38 23
18 36
35 39
17 28
20 23
39 27
20 35
14 36
20 26
16 35
28 30
18 37
15 15
39 25
30 38
20 13
21 18
27 36
20 18
17 18
21 30
30 16
40 19
38 40
22 31
37 31
20 34
27 40
14 18
40 36
23 15
31 19
27 37
25 24
23 16
14 32
18 16
16 31
40 37
38 31
20 40
13 35
40 31
36 26
16 22
25 34
32 35
