55 185
31 20
21 37
33 21
16 17
20 14
27 39
30 36
38 26
36 26
14 16
13 26
39 23
32 40
26 36
27 24
40 16
16 14
25 40
36 13
26 15
19 35
24 37
13 21
29 30
20 16
38 20
23 28
14 28
21 25
26 24
36 38
35 38
14 39
19 15
23 25
40 27
26 32
28 29
36 39
22 34
37 13
37 32
20 19
14 22
35 31
26 30
38 15
13 27
14 32
20 29
20 20
28 30
35 22
39 28
34 17
38 30
21 30
25 34
39 31
18 16
16 26
27 21
34 23
24 18
34 18
40 22
15 37
13 34
15 18
18 31
38 22
32 32
25 36
20 23
30 30
38 33
27 22
38 28
21 35
16 15
27 23
38 18
24 16
39 38
13 17
36 17
21 36
16 16
22 22
13 35
27 40
38 27
33 25
25 22
20 38
36 22
40 40
30 39
13 31
33 36
35 20
27 13
35 26
39 27
33 28
13 38
29 20
39 39
31 13
36 21
33 27
25 32
17 40
13 16
20 28
22 24
35 39
23 26
25 38
19 34
38 31
18 22
28 33
14 19
27 19
20 18
24 14
25 30
18 21
33 20
39 24
40 34
31 22
39 22
15 16
29 28
33 23
14 34
13 14
19 17
19 39
18 26
16 38
19 29
40 35
14 24
37 15
17 29
19 16
14 23
33 39
18 24
29 13
17 38
35 37
18 33
21 21
25 24
25 13
15 19
26 35
15 30
36 14
13 20
15 32
32 18
20 24
37 24
32 22
18 29
21 17
35 14
24 25
19 33
31 14
13 39
27 16
29 29
15 21
16 37
31 31
32 17
28 39
16 39
40 33
