55 195
28 16
21 38
34 18
23 17
28 38
22 38
23 30
22 20
18 21
32 32
23 27
40 18
22 17
40 20
16 40
16 36
21 36
30 31
27 26
36 40
35 15
13 16
34 23
28 31
24 28
33 19
35 26
17 21
36 15
14 26
25 30
14 35
16 22
39 24
13 20
23 37
33 27
29 36
19 32
25 24
21 25
35 17
36 27
26 26
34 28
24 18
33 37
25 20
31 32
25 31
14 33
18 30
25 21
27 21
34 40
22 32
34 16
15 24
40 34
37 34
17 16
35 36
25 33
32 29
16 33
36 20
17 13
30 15
38 24
31 18
37 38
28 39
39 29
26 16
22 37
19 20
16 30
37 20
40 32
40 13
40 30
31 37
27 34
16 35
29 21
22 19
38 26
29 19
31 30
33 15
29 27
17 35
21 15
28 28
24 26
40 22
21 32
16 37
36 36
34 32
40 19
15 18
22 22
13 24
25 25
39 27
29 18
31 15
38 28
33 16
27 24
23 22
15 17
27 16
30 24
17 38
31 38
33 26
34 39
27 31
18 36
21 37
16 25
36 30
27 38
38 19
15 40
39 25
22 29
26 33
20 21
20 14
31 13
17 25
24 24
40 23
30 22
23 16
15 37
24 40
15 29
35 25
35 35
40 25
28 20
16 18
33 24
34 25
14 27
20 30
31 23
20 38
14 25
40 40
21 40
16 34
39 35
40 16
27 29
26 17
15 14
30 29
21 19
37 19
34 27
17 15
37 23
18 31
14 31
33 21
39 26
38 18
39 39
23 15
34 36
33 31
15 27
37 16
17 30
28 35
31 36
19 13
30 34
19 29
17 22
19 30
19 33
18 29
14 23
29 15
24 15
24 16
13 36
26 29
20 36
