55 205
32 40
38 17
22 37
21 29
20 34
39 25
13 15
26 15
33 32
39 26
34 17
34 25
39 36
19 37
18 13
17 25
20 18
35 16
32 31
25 14
32 27
27 31
29 27
30 17
38 13
16 37
28 25
35 32
13 24
33 31
30 23
38 31
17 36
20 24
38 30
31 23
13 22
32 19
32 26
26 13
40 19
37 14
20 17
24 18
16 24
35 26
13 37
40 27
33 27
32 37
30 22
37 21
16 26
17 22
18 24
26 33
22 19
21 15
13 25
21 18
34 27
37 35
20 16
31 17
32 22
14 34
16 40
18 20
27 22
26 28
32 18
37 32
31 20
13 26
36 28
37 30
37 33
35 18
19 23
18 36
23 19
28 32
31 33
28 13
33 33
23 27
20 32
15 16
31 30
13 31
13 28
37 22
22 22
13 40
13 19
30 32
25 35
40 15
32 14
21 27
39 24
21 28
18 34
20 13
23 31
19 17
15 15
29 30
19 34
28 33
35 39
14 13
24 35
36 19
16 25
34 33
29 16
38 35
26 27
23 40
20 26
34 29
17 34
27 29
40 16
15 18
35 25
15 32
32 28
35 31
14 29
27 38
28 38
34 35
22 27
23 35
30 26
34 16
23 38
30 37
27 15
27 32
16 19
13 29
17 31
31 22
39 19
15 20
18 30
34 37
29 19
15 17
31 19
38 34
14 15
23 21
40 40
14 22
29 40
30 27
27 37
21 31
33 20
40 34
29 23
27 24
21 23
36 14
37 31
40 33
14 21
28 21
31 31
32 17
39 38
31 35
22 18
19 26
38 27
22 21
18 39
22 15
23 22
29 13
18 40
22 13
27 23
34 31
30 16
30 30
26 40
38 23
36 22
27 33
21 39
13 16
14 26
32 35
26 39
17 17
25 37
30 39
26 23
25 17
37 36
