55 215
32 21
30 21
29 19
23 17
28 30
39 21
27 23
37 23
24 20
23 30
21 16
29 32
22 37
24 26
36 24
33 29
38 19
18 17
13 16
14 25
25 23
15 35
15 17
27 36
40 25
27 13
16 13
40 38
21 24
14 26
38 35
19 31
20 20
25 21
18 29
25 36
25 28
29 15
34 36
19 29
37 17
19 18
19 20
31 13
26 27
30 35
29 28
29 17
17 22
31 35
19 13
40 26
22 15
20 29
37 14
37 34
34 31
27 33
30 24
34 38
26 13
25 20
24 27
14 17
39 40
19 38
34 20
18 23
20 30
37 21
15 13
22 29
34 32
33 25
21 39
15 27
28 18
16 23
25 22
39 18
16 29
37 25
35 28
35 29
35 18
37 19
38 22
19 35
36 28
39 29
36 25
15 15
29 26
31 23
26 30
26 20
17 30
33 24
20 19
32 18
14 33
22 19
37 18
21 36
21 28
38 32
30 14
21 25
35 20
30 27
35 32
22 39
22 20
39 33
36 15
17 39
33 35
25 38
15 16
13 17
29 30
36 29
23 13
33 18
35 35
34 28
35 34
29 37
19 17
17 29
20 15
29 39
38 17
16 38
26 21
22 35
15 26
32 17
40 37
18 18
30 26
25 24
16 15
30 15
36 40
36 20
15 36
31 28
39 25
33 40
33 21
39 17
20 38
32 35
21 22
33 33
14 35
23 22
24 40
22 30
21 14
31 15
25 27
31 27
26 36
17 24
26 23
32 29
21 18
19 15
40 36
39 39
37 27
21 15
25 16
33 20
23 33
13 36
18 31
29 14
34 40
20 25
40 22
40 16
40 35
37 16
36 36
19 37
17 21
13 37
23 26
35 14
23 38
18 24
35 33
20 32
32 37
21 23
33 17
30 38
29 22
20 37
18 21
32 25
31 20
15 39
36 14
14 29
28 32
40 21
30 36
15 37
18 27
27 34
33 14
