55 225
30 16
27 19
37 23
24 39
23 33
21 36
32 19
39 35
40 28
25 36
24 34
21 38
16 22
26 31
33 22
14 22
18 31
21 18
24 15
31 38
38 13
38 37
15 33
37 25
20 39
27 16
26 28
18 38
32 33
17 34
34 16
32 35
27 26
40 24
30 35
31 24
39 15
30 31
25 25
34 18
14 32
14 14
24 29
13 19
24 38
25 18
39 17
34 40
22 30
14 18
22 36
36 15
15 17
38 33
17 40
22 29
39 22
38 36
24 24
36 20
28 14
16 21
33 18
29 19
18 26
36 23
17 22
16 17
30 28
28 18
37 35
23 17
27 38
18 27
17 38
20 28
40 33
28 23
29 14
19 22
27 29
35 15
17 19
28 16
32 37
25 31
35 13
22 22
34 38
15 40
22 33
19 38
38 29
26 24
18 16
21 32
31 18
36 17
37 30
34 23
33 29
23 29
38 15
28 40
34 33
23 18
26 23
35 31
13 34
38 17
15 28
26 21
40 18
24 25
19 15
22 23
21 39
20 33
32 25
29 26
21 15
20 37
33 33
15 15
16 27
13 14
36 33
13 28
33 38
14 19
27 31
19 33
37 34
16 32
39 31
36 31
23 39
35 35
19 29
14 31
28 19
17 21
21 29
13 17
17 16
33 31
16 37
24 30
24 35
32 14
16 35
22 24
33 39
24 28
19 35
35 33
15 20
40 38
33 28
19 20
32 34
20 20
33 26
13 15
30 14
39 14
23 37
23 34
40 14
22 35
37 32
21 30
34 17
27 20
36 40
32 21
25 14
17 27
13 13
17 15
28 33
20 13
26 29
40 29
39 13
29 22
22 20
40 19
24 14
21 17
36 35
21 31
31 34
38 32
35 39
18 40
33 37
36 39
15 18
27 36
22 17
27 27
31 15
21 23
24 23
40 13
14 30
19 37
39 37
30 40
31 20
34 34
18 19
38 23
26 18
37 37
37 28
21 19
38 40
33 23
37 26
34 28
18 17
24 13
21 24
