55 235
16 28
35 27
13 35
40 22
34 35
14 19
17 29
14 34
13 32
24 39
37 31
16 30
19 26
17 39
27 38
28 27
24 38
32 31
40 33
35 35
14 13
23 21
29 32
13 37
18 33
26 36
20 20
27 35
28 13
30 40
25 35
34 18
28 31
28 39
16 16
35 17
21 23
35 38
40 38
39 15
24 28
16 13
24 24
37 28
14 21
13 18
22 21
16 40
17 25
19 24
15 38
28 33
16 36
34 29
29 22
15 28
25 27
30 28
22 14
28 30
30 30
36 28
22 40
31 34
27 14
19 27
13 33
26 38
35 36
30 25
31 23
18 28
25 18
35 19
31 20
23 15
25 21
29 21
15 19
34 14
14 15
29 15
37 27
16 37
35 13
15 15
27 23
27 19
40 20
38 32
40 18
40 14
28 28
22 26
29 31
34 24
38 29
27 37
32 17
22 17
29 33
31 27
17 30
17 21
39 17
39 33
33 18
24 40
32 35
19 23
14 35
26 25
17 36
36 36
38 14
21 26
18 31
40 25
18 13
22 24
21 27
27 25
31 26
39 25
23 34
19 30
39 32
19 40
32 27
35 21
19 25
17 38
16 38
23 33
26 27
31 25
39 13
37 37
20 19
31 13
25 37
37 21
24 32
26 34
24 15
22 22
30 22
31 18
27 17
33 28
13 27
22 33
19 32
22 25
33 24
23 37
35 23
15 37
17 26
13 15
27 15
36 21
15 21
25 40
18 17
22 30
19 19
32 21
15 40
21 32
32 38
14 33
27 36
18 39
40 29
34 37
14 37
39 37
18 36
24 14
37 13
28 18
17 18
18 23
35 30
39 27
13 26
32 37
15 26
18 15
38 24
14 36
29 38
23 14
24 37
15 34
24 17
26 37
30 13
25 17
15 24
18 34
15 36
13 23
32 25
18 40
38 26
37 39
31 40
30 21
35 31
14 26
25 25
13 20
14 18
25 39
18 18
21 31
37 26
39 29
13 24
30 20
34 26
18 20
34 22
27 13
37 23
20 32
39 35
22 13
15 20
32 36
16 22
13 14
15 16
