55 245
39 37
35 28
21 39
34 30
14 20
35 25
24 15
32 22
16 29
26 35
23 34
22 20
22 22
34 22
15 33
39 19
34 36
36 22
23 25
23 30
19 15
21 14
19 38
13 29
25 25
26 18
17 39
25 13
38 25
39 27
38 23
27 29
29 33
29 26
29 27
22 13
18 24
20 19
23 23
32 37
26 17
32 24
24 17
38 15
13 40
22 33
40 28
20 18
30 16
31 37
14 23
28 38
15 36
39 22
38 33
33 26
26 38
18 23
34 27
17 27
27 31
37 15
36 37
37 30
19 13
20 31
37 22
39 17
30 22
36 35
38 37
20 37
30 17
28 37
29 38
28 18
16 31
33 40
14 16
37 35
19 16
25 31
38 40
32 35
28 35
29 19
24 27
33 23
21 38
14 39
26 33
23 32
14 37
13 24
19 21
37 24
22 37
35 34
33 28
27 38
19 25
26 13
13 36
17 26
31 32
29 31
24 16
36 38
37 37
30 21
39 38
13 34
25 28
37 38
34 25
17 40
22 18
27 35
40 25
14 18
39 29
37 18
27 36
15 28
25 27
15 24
39 23
33 37
14 15
16 27
31 26
25 39
30 13
26 23
16 17
37 14
14 19
31 38
39 32
25 29
20 30
20 16
26 31
16 37
31 28
24 31
22 27
34 19
19 17
15 20
20 22
28 31
17 36
33 33
21 25
17 25
27 40
17 16
29 37
26 22
21 19
24 22
22 35
33 13
36 21
28 23
25 15
15 27
21 27
30 40
35 30
17 15
37 19
16 39
21 32
32 21
15 31
24 21
16 19
14 33
38 13
36 15
39 25
14 34
33 29
15 32
13 22
40 19
22 25
39 30
29 16
21 24
34 35
25 35
33 25
30 23
33 39
14 35
18 19
20 13
22 40
23 20
18 28
28 25
19 29
28 22
14 14
25 16
29 28
31 25
29 36
28 17
16 18
25 20
26 37
31 16
38 31
23 37
38 29
31 15
30 26
26 40
36 24
24 39
23 35
40 18
23 16
37 36
18 22
34 15
38 26
22 16
27 34
35 29
33 20
20 26
13 35
34 33
21 20
25 14
19 20
39 39
29 15
38 34
21 37
