59 89
18 24
14 15
22 31
36 21
25 31
19 35
17 21
30 36
43 14
21 25
32 40
40 15
25 37
22 33
23 33
39 29
41 23
43 31
42 23
31 27
21 20
37 40
24 33
26 30
27 42
21 21
28 23
18 16
43 24
33 38
35 27
38 24
34 33
31 36
39 26
43 35
17 15
43 30
29 21
32 19
14 20
36 36
38 40
18 34
21 33
21 14
32 39
19 25
42 32
35 28
43 40
36 26
28 30
41 26
39 28
34 30
37 31
17 37
37 17
27 24
42 37
33 15
38 43
14 35
17 18
36 33
21 28
27 14
27 30
18 36
33 42
19 38
19 16
15 36
14 43
20 25
37 36
16 33
36 34
21 31
24 35
16 29
38 42
21 43
22 18
16 22
21 34
15 18
20 24
