59 99
20 17
22 23
32 19
23 24
16 41
30 18
23 38
22 22
29 15
14 19
39 40
41 27
35 31
15 38
34 18
39 26
20 43
26 31
32 33
34 33
26 40
23 23
29 41
31 20
27 19
35 28
21 16
14 16
41 37
22 28
36 31
37 18
30 23
22 20
41 36
37 32
16 22
39 19
27 43
37 34
29 33
31 33
17 32
14 27
21 19
27 17
42 29
39 42
27 27
28 41
35 29
25 15
41 32
17 18
19 43
43 15
42 26
15 25
39 16
35 23
35 37
38 31
21 32
34 40
34 32
15 19
18 18
30 28
23 14
43 29
26 41
36 27
31 17
21 42
18 36
32 24
32 17
19 27
36 35
14 30
22 41
37 25
15 29
14 29
19 37
34 39
39 34
25 34
21 24
28 34
26 18
20 28
24 33
38 19
25 38
29 23
34 29
25 28
24 27
