59 109
14 34
30 35
38 41
40 27
21 32
20 39
33 43
43 24
29 42
30 41
26 18
22 32
29 36
34 25
26 27
36 15
37 30
15 18
42 36
29 26
24 43
43 31
14 15
40 35
29 22
22 42
41 26
24 16
28 35
19 22
30 36
28 24
27 40
33 23
17 21
27 24
19 18
35 16
35 37
20 38
34 34
20 16
14 37
37 25
34 28
15 20
41 41
14 25
38 16
18 20
36 31
22 43
21 30
26 25
43 28
43 41
14 24
31 35
27 21
14 27
17 30
26 17
19 32
33 42
14 14
29 43
29 30
25 38
25 30
33 35
23 34
23 41
31 34
35 14
24 42
18 38
43 17
38 32
26 35
20 17
28 33
26 43
29 20
38 26
39 39
43 26
25 42
29 25
42 38
28 39
42 26
21 29
31 43
23 33
23 30
18 37
25 40
25 37
30 17
33 24
31 32
23 16
28 26
27 30
42 41
24 20
36 35
36 28
19 41
