59 119
29 43
28 27
41 30
14 21
42 23
42 33
33 26
25 35
37 30
36 32
18 19
38 21
28 33
27 17
26 17
23 17
43 18
42 17
17 41
14 25
14 39
19 36
24 22
23 32
16 17
26 15
38 25
20 17
31 35
38 40
25 39
22 26
28 41
26 29
31 33
37 39
22 27
26 35
43 17
38 22
18 18
39 31
29 24
38 28
19 43
43 20
30 20
37 29
36 42
16 19
15 22
39 37
29 29
35 35
23 40
20 16
37 26
31 17
23 43
26 28
34 41
38 36
31 32
21 38
37 18
22 32
21 16
31 43
22 36
16 40
25 16
24 36
33 34
34 30
29 25
26 39
22 25
29 38
32 15
41 24
41 39
33 36
18 34
38 43
40 22
17 31
29 30
41 31
26 40
24 23
29 37
15 37
32 27
30 21
27 27
19 20
16 30
39 34
37 16
34 38
17 21
20 31
40 35
25 40
20 38
17 34
31 22
16 24
18 26
35 43
35 17
30 28
40 14
18 23
23 35
16 36
24 28
26 32
40 43
