59 129
32 15
43 21
16 19
17 38
43 22
29 21
32 35
32 33
31 28
38 35
23 26
20 26
35 16
15 25
33 37
17 27
26 21
36 27
21 43
25 16
31 36
43 23
21 22
15 34
15 16
31 14
25 40
40 29
36 28
17 43
27 28
32 16
36 37
18 16
27 20
21 39
41 37
27 15
17 20
23 36
21 36
21 18
29 24
40 38
38 22
30 19
28 19
31 27
15 28
16 36
34 21
15 24
15 38
26 15
27 25
14 35
17 23
35 34
40 34
36 42
24 43
32 43
41 43
22 15
22 26
24 40
28 37
15 18
41 26
34 28
31 25
39 29
40 42
19 25
30 30
16 26
18 41
17 42
20 37
39 32
25 26
23 18
17 37
29 42
37 41
31 41
42 32
21 40
35 22
19 40
42 39
34 27
29 39
32 25
35 23
35 32
19 27
38 26
32 30
24 30
37 20
14 21
43 15
30 24
21 33
26 25
35 15
23 35
27 30
39 37
42 33
31 33
22 28
23 31
24 29
40 27
41 36
14 20
19 28
37 16
43 41
14 22
34 17
38 32
42 20
14 43
21 38
24 24
19 23
