59 139
20 31
24 25
32 27
15 20
21 32
32 29
19 33
14 35
21 43
42 21
30 38
34 40
18 36
20 19
42 38
17 26
43 35
29 40
43 30
30 16
18 33
40 42
16 24
18 43
29 37
25 20
22 26
14 14
42 18
15 19
25 14
35 39
22 40
33 14
41 24
31 22
25 23
22 14
40 33
21 16
20 37
17 27
28 33
22 28
26 25
32 40
33 28
40 31
33 37
34 17
39 22
35 35
21 39
22 22
32 35
22 16
17 19
22 19
15 38
34 22
22 31
16 41
33 23
29 38
29 15
24 34
25 39
36 33
40 16
31 25
28 27
17 24
33 40
22 34
34 32
19 19
26 16
14 30
31 14
27 34
21 26
42 28
17 41
21 27
37 39
29 28
25 24
15 16
21 22
33 31
32 17
30 22
25 15
35 36
42 40
17 35
27 14
40 19
28 35
33 32
32 30
37 16
15 17
19 20
32 22
26 32
18 25
16 23
27 23
21 36
40 27
30 43
41 28
33 18
33 17
38 19
42 17
16 35
25 37
21 28
32 24
33 34
35 20
17 21
19 26
22 43
15 31
42 30
29 17
17 22
35 29
40 30
19 14
26 14
23 35
20 24
37 25
38 43
31 20
