59 149
20 17
28 31
31 32
27 17
20 14
15 22
28 23
24 28
22 26
40 39
37 27
30 27
21 41
30 38
28 36
32 27
23 33
26 24
16 26
40 27
40 30
43 19
19 16
23 16
35 27
26 18
41 40
38 36
29 22
27 14
33 33
35 35
23 39
40 23
21 21
26 30
17 31
31 18
24 38
25 17
43 33
16 32
16 28
40 35
34 34
33 17
14 37
23 30
21 17
38 25
29 14
25 39
38 30
18 17
31 21
39 30
17 23
23 42
35 32
24 26
25 24
23 25
29 17
15 29
34 15
15 30
30 25
15 41
22 33
26 34
38 33
36 42
18 43
19 26
19 18
26 20
27 39
27 15
28 26
31 26
23 40
40 38
16 22
34 40
35 38
42 28
29 40
40 21
26 25
32 23
31 23
19 14
25 20
43 18
21 26
22 14
29 31
40 29
25 15
43 28
39 34
16 16
19 31
39 36
19 32
17 40
39 35
40 16
34 20
41 31
25 31
33 18
22 22
23 23
43 21
17 21
18 30
42 23
33 32
36 38
43 27
38 16
40 34
22 36
36 20
24 37
26 16
36 14
25 22
18 28
35 29
39 37
17 29
35 24
30 29
42 34
26 33
30 32
39 33
15 33
21 38
15 15
18 19
43 20
22 17
34 35
18 16
20 30
38 14
