59 159
25 21
14 24
16 22
36 29
33 18
34 27
24 15
42 31
35 20
42 37
29 33
17 41
39 23
31 29
35 23
40 15
29 28
34 32
20 36
22 31
26 30
43 17
20 25
20 24
30 14
15 32
36 43
15 27
36 15
34 17
20 34
19 28
42 29
37 25
33 28
14 23
23 17
25 38
43 26
43 29
22 32
23 26
21 31
35 14
38 14
26 41
25 17
21 23
38 26
19 40
20 39
16 23
29 21
24 43
16 39
37 41
20 19
43 38
30 15
19 32
17 34
24 23
24 20
35 15
33 41
28 19
30 25
28 14
19 26
22 29
27 23
28 30
19 43
19 14
30 34
28 36
40 28
42 38
19 36
17 26
19 38
18 40
42 25
16 31
38 20
28 42
28 31
32 39
25 43
18 27
23 25
29 14
30 28
25 30
25 20
37 35
19 29
40 39
15 33
20 21
42 28
38 27
43 30
29 19
26 31
17 37
29 40
40 43
32 37
34 42
33 29
23 20
24 31
38 17
29 15
15 38
27 28
38 38
43 37
18 25
39 16
15 29
23 28
17 43
32 23
38 39
19 19
19 22
35 37
20 23
40 20
21 39
35 27
41 34
38 29
16 36
39 24
14 22
37 31
35 17
35 31
40 42
30 32
25 40
30 41
28 37
14 27
17 20
27 19
40 18
22 23
36 38
32 32
17 23
23 42
35 38
16 34
43 31
15 39
