59 169
25 23
30 34
25 31
35 35
40 40
31 24
20 32
37 14
36 17
22 20
22 19
42 37
18 28
14 28
21 18
15 29
22 22
14 23
15 36
31 18
40 32
23 29
40 42
37 30
15 33
32 28
38 32
39 17
25 17
19 39
38 37
32 19
16 32
31 25
19 35
28 17
16 18
42 35
42 15
32 35
30 18
37 27
38 14
26 26
43 16
25 40
25 33
31 38
33 29
21 33
30 41
39 24
38 31
23 43
33 27
29 18
15 22
21 14
31 37
16 22
17 34
27 15
31 15
38 35
25 16
39 18
26 33
17 38
40 21
18 18
24 24
36 14
42 17
40 29
39 32
24 33
26 30
34 17
21 35
23 27
41 17
18 43
25 25
24 28
20 43
29 42
35 18
32 42
42 31
17 41
38 39
41 14
36 37
18 40
18 33
43 38
24 34
43 25
38 34
42 27
22 23
27 36
30 17
29 17
14 34
30 21
16 23
17 25
33 40
41 34
38 27
22 34
21 39
31 29
32 37
26 37
38 33
15 42
38 40
32 43
23 39
14 25
30 36
16 40
22 35
15 43
36 42
23 26
17 42
27 19
32 16
28 35
34 14
29 14
27 32
39 29
32 20
17 28
29 41
33 33
34 32
14 26
39 36
19 25
29 15
27 40
28 37
38 18
34 30
18 37
29 16
42 22
21 19
36 22
42 14
29 40
32 33
22 41
23 21
40 30
32 18
25 39
25 24
17 31
26 32
43 18
37 31
37 18
15 31
