59 179
37 24
24 17
17 25
35 29
37 20
36 20
36 23
19 20
27 24
25 25
40 32
16 22
24 35
27 30
21 19
33 25
37 19
36 18
36 35
22 30
22 34
28 15
25 26
24 20
20 38
40 27
42 28
18 25
41 16
38 29
34 19
23 30
31 38
35 43
41 38
21 17
15 43
16 26
15 22
37 26
18 17
29 15
18 23
22 23
43 20
39 16
24 41
19 33
30 21
15 42
29 23
14 20
15 24
24 40
25 38
20 34
39 19
22 25
40 21
24 18
41 36
33 33
17 22
15 32
18 43
21 23
42 40
41 14
36 30
35 26
42 35
23 34
14 43
19 24
42 25
20 16
30 25
38 27
24 39
34 23
14 29
19 39
36 33
42 16
19 41
38 15
19 28
16 21
17 37
22 27
27 42
33 40
29 17
17 23
37 31
24 21
18 34
31 39
29 30
40 38
16 15
15 31
31 31
15 40
27 22
39 35
24 14
15 23
41 37
22 16
22 43
31 40
22 39
14 42
33 16
15 21
43 18
21 33
39 25
28 31
16 32
42 39
16 27
21 30
43 23
31 30
36 16
39 20
29 32
40 41
32 14
21 32
41 30
38 35
33 26
33 34
25 43
16 19
38 32
33 39
39 15
24 29
18 36
16 25
15 14
42 21
29 33
33 21
27 35
20 14
39 28
19 22
26 20
35 31
22 19
41 33
34 35
15 39
34 39
14 14
20 23
20 39
42 33
23 21
21 16
22 21
40 30
22 33
19 17
26 31
18 28
21 25
38 43
36 24
21 27
25 39
15 29
32 31
41 28
