59 189
21 27
43 31
24 21
43 38
16 36
23 21
37 40
40 17
41 30
29 14
41 22
24 14
37 30
16 38
33 21
29 29
33 34
16 17
31 22
14 36
19 35
39 43
39 34
22 28
43 14
16 43
41 42
28 17
33 40
27 14
26 25
20 18
15 27
26 37
37 43
29 37
42 40
16 28
28 36
17 18
19 28
34 29
19 34
34 24
15 41
39 18
35 19
21 36
27 30
37 42
35 18
37 14
38 43
30 17
31 20
15 17
36 15
37 33
28 23
27 34
20 37
33 18
16 19
27 32
43 37
25 20
24 33
28 18
15 40
41 27
40 35
14 22
21 14
26 16
15 20
19 41
16 32
22 25
22 37
28 35
28 28
14 32
26 27
40 25
15 23
23 17
18 40
32 25
32 29
22 33
35 28
32 27
32 32
42 39
42 20
16 23
17 26
19 29
37 41
30 23
14 23
14 19
33 29
24 35
34 28
24 19
16 21
26 15
40 20
38 21
20 38
34 17
24 18
16 41
26 41
39 33
17 22
22 27
38 24
27 38
32 21
26 26
31 17
16 29
38 37
30 31
15 25
17 14
17 43
25 38
35 23
43 19
43 30
41 40
22 39
25 39
43 15
42 28
40 23
28 26
32 22
20 42
19 43
30 37
16 42
31 18
24 40
29 17
19 33
35 34
37 19
31 31
38 25
31 19
22 35
43 29
37 31
36 16
20 43
34 25
22 43
24 23
37 34
42 31
19 42
41 29
41 37
26 30
33 25
14 18
39 30
26 38
36 26
37 17
23 36
33 36
40 30
20 35
33 19
21 38
15 43
17 32
22 16
23 30
43 28
26 28
23 20
22 26
22 36
