59 199
18 14
34 24
43 39
26 27
27 40
31 35
37 26
38 38
22 35
39 22
15 39
37 35
26 25
33 25
19 40
14 43
28 19
27 15
20 27
24 27
18 31
41 33
29 35
34 41
25 23
36 15
27 25
35 28
30 30
18 41
20 21
20 33
41 21
22 18
16 39
31 38
28 27
32 16
26 36
21 28
17 21
15 28
17 27
23 21
17 22
16 38
19 30
18 18
41 36
28 28
20 17
22 23
29 37
22 14
38 18
36 20
43 22
31 16
21 30
20 25
39 30
39 21
16 25
26 28
16 36
42 24
32 28
29 41
15 23
38 42
23 36
41 26
30 20
20 19
31 30
31 29
27 18
30 22
31 15
40 23
33 37
17 43
24 25
22 29
25 37
27 21
41 18
27 32
30 18
21 23
14 18
26 35
15 20
21 27
36 21
19 22
35 40
37 34
17 33
43 23
40 42
27 19
30 41
33 39
16 16
32 22
36 41
43 32
29 17
17 19
35 37
41 41
26 22
20 14
40 35
35 29
30 32
42 36
19 24
43 34
42 42
23 35
23 31
23 37
24 31
34 19
14 17
35 16
42 41
26 20
20 23
22 30
24 40
35 39
26 15
39 39
40 31
30 38
43 37
16 29
41 31
36 34
34 28
24 34
14 16
32 36
18 16
34 15
34 38
39 15
40 30
15 19
33 26
26 31
26 40
38 29
42 21
41 34
32 14
21 41
25 31
38 16
31 17
35 36
32 19
18 33
33 20
14 37
37 30
17 20
18 25
21 40
29 28
24 38
30 15
42 32
41 37
19 32
35 15
27 36
41 28
20 35
15 18
40 26
40 33
31 27
30 31
15 16
17 41
39 38
14 39
30 37
31 22
42 23
42 30
42 27
25 27
14 15
38 25
