59 209
17 18
36 41
25 15
28 38
38 31
23 20
42 14
15 31
35 18
14 39
39 42
38 19
36 23
27 42
40 26
41 42
25 24
17 26
27 16
37 30
16 14
42 29
39 15
19 20
41 24
20 14
24 42
42 30
33 31
35 23
32 15
42 24
19 35
34 26
23 17
20 16
29 41
21 18
29 37
19 39
31 34
31 38
29 19
28 23
25 22
30 38
28 15
36 29
37 40
27 37
15 19
17 39
18 29
34 32
40 39
19 16
30 40
25 36
17 43
33 19
24 21
16 37
17 17
43 40
29 24
41 32
25 40
19 17
39 21
37 35
21 16
19 25
41 43
34 20
26 31
42 27
43 30
35 15
22 41
35 27
24 39
16 27
23 14
18 41
40 24
33 14
32 16
31 39
28 39
41 27
31 17
30 39
27 33
27 38
39 20
23 27
34 36
26 17
20 24
34 39
25 32
38 34
26 20
36 36
16 21
29 14
19 30
31 36
20 36
40 18
30 32
31 22
21 37
26 16
43 36
20 20
21 34
25 17
31 40
16 23
20 39
19 22
39 23
20 15
34 24
36 22
14 41
36 37
42 28
26 21
21 40
36 28
18 28
23 39
38 38
29 20
42 33
26 25
15 32
18 36
36 20
36 42
22 15
25 38
22 35
33 32
27 31
40 21
37 14
39 40
37 19
32 42
16 20
31 18
35 17
26 40
43 41
30 23
17 33
33 23
28 35
42 43
24 41
16 36
29 28
35 31
15 26
16 26
32 34
42 37
22 28
40 25
27 19
26 41
34 33
37 17
34 23
28 27
15 25
21 28
14 40
28 31
36 38
42 35
37 37
39 43
22 20
35 37
24 20
25 29
31 21
41 34
26 43
28 34
38 24
42 41
16 16
17 35
37 15
41 35
32 26
22 31
34 27
22 30
35 30
29 25
25 18
18 33
18 39
