59 219
22 18
21 26
37 29
34 24
36 30
15 41
30 41
19 31
34 22
36 17
42 25
31 18
33 15
14 36
26 32
19 20
21 40
37 40
31 14
35 42
17 26
41 26
33 29
31 33
25 15
43 20
21 23
41 16
20 36
30 15
40 37
26 14
15 25
37 24
37 21
22 29
29 39
38 23
30 25
37 22
42 29
42 15
25 42
16 14
37 35
35 23
16 29
31 29
36 42
25 40
42 40
30 27
17 40
26 35
17 31
42 20
41 27
27 19
29 31
35 32
18 30
35 16
41 31
39 16
15 28
24 25
34 26
15 37
22 38
39 25
18 15
39 20
35 18
34 30
19 39
22 19
20 34
30 43
33 25
28 21
24 30
14 21
16 27
29 17
31 39
42 22
25 22
29 32
37 18
20 29
18 23
27 23
27 25
23 21
35 27
37 27
35 35
27 20
19 27
17 34
39 24
24 21
20 19
38 42
23 32
34 28
27 29
40 29
35 40
23 42
40 19
28 19
40 34
23 27
37 16
40 33
30 28
14 22
23 22
42 42
23 20
33 33
20 24
37 28
40 35
41 25
21 30
21 15
23 33
14 30
41 22
42 27
15 21
43 42
42 39
28 14
39 38
27 14
15 24
20 30
38 40
38 34
18 39
19 22
32 22
39 27
26 20
18 14
28 20
25 16
15 14
18 42
25 32
42 36
24 33
16 33
40 22
23 43
27 17
25 39
23 24
32 38
32 41
25 18
30 37
29 24
22 35
38 36
20 35
21 39
15 43
36 24
21 29
15 19
34 31
31 19
31 41
14 32
22 41
40 30
16 17
40 32
34 35
34 17
22 32
18 41
16 19
42 32
32 37
18 18
31 15
30 34
41 17
33 35
39 39
37 25
35 29
16 26
23 37
31 26
32 29
43 21
14 37
40 39
34 15
33 19
14 29
15 30
16 31
28 23
33 39
25 30
43 37
32 36
38 33
17 37
22 26
42 34
18 43
