59 229
18 15
21 30
42 18
38 36
34 43
29 27
32 24
42 14
18 17
19 17
38 20
29 16
39 39
38 34
27 20
22 29
19 25
14 21
20 29
43 24
22 23
32 17
24 28
31 37
17 15
24 40
43 20
42 32
41 24
25 43
35 22
19 16
22 22
29 35
24 23
37 32
39 20
38 35
19 42
29 26
15 30
28 35
34 21
18 19
31 34
18 31
17 43
36 22
22 17
17 26
35 43
15 29
14 38
20 42
38 27
21 35
32 22
30 31
40 14
38 14
24 42
36 42
37 26
29 40
36 17
20 37
22 16
42 24
36 14
41 26
16 42
15 38
29 31
39 28
33 35
43 26
29 23
15 17
23 16
28 29
16 37
31 17
35 16
40 15
27 24
23 43
20 18
42 43
23 22
31 16
41 23
24 43
24 18
20 21
43 39
29 14
28 14
23 32
34 40
31 14
19 24
32 21
17 14
31 39
39 42
28 38
38 39
32 35
33 24
30 17
33 20
26 15
34 30
35 28
28 43
15 22
16 22
31 40
18 27
15 27
29 28
32 27
37 40
21 15
25 17
33 27
20 39
31 28
41 39
38 30
27 37
37 35
33 32
30 19
18 34
32 39
24 26
30 32
22 32
21 43
40 18
42 35
26 42
32 38
24 34
37 16
16 27
38 32
26 21
39 36
14 17
18 43
18 20
41 35
40 26
20 30
24 36
39 38
25 36
34 19
43 19
25 16
16 30
15 21
22 24
38 37
39 34
37 43
40 43
35 33
25 14
42 28
19 15
35 18
17 40
24 39
42 30
20 41
30 21
39 41
23 29
33 28
22 14
35 37
14 26
20 34
38 40
32 15
43 36
22 28
14 18
24 37
39 14
31 20
24 22
31 15
24 27
27 41
25 40
22 38
17 36
31 33
28 40
31 27
28 28
27 17
27 14
23 39
35 15
31 19
42 26
39 33
22 31
39 32
14 29
29 30
26 17
22 33
40 21
27 19
19 14
21 19
37 36
19 20
23 19
26 18
42 38
26 20
32 42
