59 239
18 43
34 38
26 34
20 43
35 31
14 40
26 25
42 40
35 42
43 25
42 36
35 14
26 35
26 39
24 25
27 20
18 41
30 42
15 27
41 24
43 29
31 14
23 41
23 25
30 22
24 18
22 25
28 24
28 23
14 35
17 32
27 36
24 19
36 29
24 37
22 21
17 39
26 33
26 17
38 39
41 22
35 36
17 16
34 32
20 39
15 29
16 26
42 27
30 35
38 32
32 32
22 22
40 22
42 20
33 41
31 26
24 33
23 39
34 24
29 27
43 30
24 20
22 40
37 16
36 33
34 30
29 42
21 29
17 15
15 28
41 30
21 16
38 21
39 22
37 42
25 20
22 38
32 37
40 19
34 39
40 37
36 14
17 42
33 33
15 36
23 27
34 23
14 18
15 42
43 21
17 21
24 26
28 32
35 28
38 15
40 18
31 32
22 27
42 32
20 37
21 14
38 24
23 19
14 20
24 29
40 43
36 24
26 20
21 22
17 20
16 21
28 28
42 21
27 29
25 28
30 23
25 36
38 23
14 36
33 28
14 30
37 31
27 15
33 26
32 24
18 19
40 39
33 37
39 27
38 19
32 17
29 33
43 28
33 27
27 38
42 30
37 33
18 36
31 17
37 37
26 23
38 27
39 43
39 28
35 37
39 24
31 30
40 31
35 16
21 26
27 31
20 21
32 27
26 22
18 29
32 23
39 14
27 41
42 37
31 37
25 22
22 28
31 43
16 18
20 19
18 35
28 19
34 29
37 35
39 34
22 39
40 36
17 34
21 39
30 17
32 21
20 31
29 19
19 16
22 41
31 42
19 32
34 28
14 41
33 38
15 18
18 37
20 34
35 29
27 26
42 43
24 39
19 27
33 39
20 18
16 27
27 19
34 31
23 24
41 31
35 43
37 40
42 39
23 28
15 23
31 33
43 16
17 41
17 40
41 25
19 24
18 33
39 18
36 28
24 30
43 32
36 41
38 26
30 18
25 25
43 39
21 36
29 21
19 15
24 21
32 16
19 29
35 18
43 27
21 15
33 29
33 40
42 29
39 40
41 16
25 41
26 41
42 18
29 14
