59 249
21 33
20 32
14 26
18 39
30 14
21 22
16 42
29 25
20 43
16 37
33 16
23 35
17 38
19 43
39 22
27 26
36 14
20 40
39 27
25 32
26 41
42 33
30 36
31 32
21 37
31 26
33 18
42 36
20 33
16 14
25 20
25 26
20 22
26 25
15 25
43 31
43 19
15 36
41 24
17 26
28 24
37 39
27 21
22 41
23 22
25 14
29 40
18 21
32 22
42 34
30 22
25 40
38 25
22 28
32 25
37 14
25 23
17 24
35 21
16 38
17 14
35 30
43 29
14 20
41 35
24 40
35 23
17 34
22 30
33 21
39 35
16 21
30 28
19 24
28 32
42 41
34 27
17 28
33 30
39 17
31 27
24 26
41 40
38 34
41 21
18 19
27 32
40 29
25 37
42 24
19 20
31 22
35 42
19 42
23 27
33 26
26 38
38 36
31 29
32 16
24 42
24 17
33 43
36 43
14 43
43 23
40 40
42 39
40 27
26 39
17 37
19 33
35 33
33 35
14 28
19 41
28 36
15 20
27 20
22 32
15 23
29 15
25 43
41 31
39 43
40 33
28 37
20 37
32 38
15 40
28 26
38 19
30 41
42 40
26 23
19 32
28 15
32 19
23 16
34 41
39 18
34 32
30 30
26 26
21 26
42 38
27 33
19 27
39 28
19 38
39 16
39 40
40 18
31 18
27 24
42 19
24 34
14 31
36 15
18 14
20 19
38 35
24 33
18 34
17 42
33 36
19 29
15 28
20 27
28 16
34 43
26 24
28 21
28 18
37 37
34 40
40 30
42 25
18 43
18 18
35 24
33 27
23 43
28 19
32 37
23 25
23 31
18 20
40 19
17 19
25 31
33 14
22 16
31 17
31 39
37 15
30 15
32 32
21 21
16 16
36 31
14 25
28 23
29 18
38 31
23 28
25 33
15 34
32 31
24 22
30 19
25 30
35 16
43 28
34 19
41 36
26 35
33 23
33 34
35 15
41 34
31 34
17 22
28 20
36 32
38 28
29 21
28 28
39 15
24 38
19 28
37 26
43 17
34 17
16 29
31 35
24 43
33 19
31 33
24 39
22 40
34 18
37 32
24 21
39 21
23 14
35 38
19 14
14 14
