59 259
18 40
32 18
30 30
14 25
22 30
29 42
23 27
31 22
33 43
17 42
36 41
26 43
31 40
22 20
33 21
26 19
30 39
27 24
27 28
14 37
15 31
42 29
26 20
32 24
43 18
22 14
20 34
41 40
27 26
23 28
27 21
37 35
18 16
30 23
20 39
23 22
40 37
18 35
22 31
24 27
43 20
16 16
25 30
33 28
15 28
41 26
32 34
39 23
21 24
16 39
16 41
43 30
25 29
32 29
21 43
22 39
27 17
40 43
18 33
22 41
28 25
19 29
27 20
24 31
24 23
33 24
40 29
25 22
27 27
17 41
40 20
41 41
17 14
34 30
33 19
28 21
26 14
39 37
38 18
32 30
36 43
21 35
33 25
17 34
22 36
14 27
28 16
31 31
27 16
30 20
16 40
15 34
16 35
33 35
35 27
31 37
15 23
14 38
28 18
31 33
21 36
23 39
34 42
28 19
18 38
34 37
36 38
42 19
17 22
25 20
29 38
16 42
33 14
20 22
39 35
22 38
15 14
27 40
35 19
23 14
26 35
22 42
39 17
34 23
15 43
30 16
20 38
14 19
38 16
40 36
21 23
40 24
29 30
41 33
29 33
14 23
39 14
25 36
18 37
39 29
20 18
16 30
29 41
42 32
26 38
38 43
35 16
33 37
17 25
35 37
28 28
38 23
39 27
19 37
32 17
43 27
17 35
37 36
39 33
33 32
27 35
19 39
31 20
42 40
27 32
22 37
33 42
43 28
25 18
17 38
38 38
38 33
40 26
42 42
42 15
40 18
15 18
22 25
41 20
29 43
17 40
30 41
14 29
35 26
34 40
30 27
20 16
43 22
29 21
19 18
38 26
21 15
16 25
32 33
29 40
33 22
38 20
23 24
15 22
29 26
17 21
23 43
25 28
31 24
33 26
38 15
40 19
41 38
20 31
14 24
22 23
19 23
18 28
39 16
37 30
35 28
34 33
18 24
21 38
19 14
29 14
43 16
16 20
23 21
22 17
25 23
23 33
41 34
34 36
28 35
34 21
31 18
29 32
43 41
31 28
35 15
43 26
26 42
26 40
42 24
43 40
43 42
31 27
16 14
21 42
32 19
34 35
31 42
39 42
33 38
38 17
22 32
37 42
14 14
28 34
40 40
16 36
26 18
23 40
