59 269
30 40
14 34
42 34
39 21
38 17
43 38
40 14
40 43
39 22
34 25
32 35
14 18
20 43
32 25
22 23
41 31
41 40
24 33
43 15
41 38
26 42
32 23
22 29
15 23
42 16
40 24
31 43
25 36
20 42
19 42
26 26
32 30
31 16
38 25
16 22
34 42
38 31
28 20
29 35
21 35
15 37
30 14
28 31
22 34
20 15
31 23
22 28
41 27
22 37
24 31
30 31
21 24
14 37
14 19
37 25
38 20
32 36
15 14
32 29
38 32
29 38
31 41
38 19
15 24
37 43
40 39
21 34
37 41
20 21
17 35
18 18
38 24
24 32
43 14
24 25
27 20
26 31
26 27
38 34
19 26
25 27
16 27
43 17
38 27
26 32
24 43
31 14
16 39
25 24
34 16
39 29
17 43
25 33
32 42
28 16
42 41
28 26
18 42
18 28
30 39
34 34
16 35
21 15
35 26
43 32
22 20
37 29
32 33
41 16
23 26
35 42
17 23
38 18
27 36
36 36
43 25
27 14
35 28
22 15
40 18
40 31
15 43
28 35
38 16
29 41
43 42
30 16
14 29
24 41
43 36
33 29
40 23
29 16
15 31
36 16
34 23
31 32
31 33
16 43
36 41
39 19
37 28
17 26
36 28
33 20
20 25
18 33
29 40
27 28
25 28
35 43
23 14
19 37
41 29
43 26
21 19
18 22
43 43
23 22
33 25
15 39
42 19
15 20
22 18
33 14
34 22
17 31
29 20
33 38
30 38
43 37
31 21
21 37
26 43
34 18
14 27
18 19
40 16
24 27
35 19
34 14
34 35
41 15
37 15
42 30
40 32
24 17
35 33
34 40
42 33
34 28
17 24
17 36
24 42
40 17
43 28
31 42
39 16
38 39
26 19
37 24
30 19
25 17
18 15
39 32
36 34
24 16
19 34
17 42
22 33
30 43
27 17
21 27
38 43
29 27
17 19
28 29
42 14
38 35
16 23
38 26
16 17
25 38
18 27
18 43
32 24
31 22
42 23
29 42
14 32
24 35
31 25
33 31
23 20
34 37
36 39
42 37
28 39
28 38
43 30
21 22
32 15
27 25
20 36
39 25
31 31
34 39
42 40
18 16
28 27
28 34
24 24
27 19
35 18
16 33
19 27
30 15
34 19
35 39
23 41
34 26
36 18
38 33
27 29
38 29
27 41
17 30
16 38
32 43
