59 279
25 14
28 14
40 25
18 33
30 38
19 31
28 17
32 29
27 41
19 20
40 37
42 26
23 35
21 33
34 14
33 14
37 15
33 35
37 17
16 22
38 16
30 18
21 24
14 36
24 27
31 20
40 35
42 34
15 28
26 14
22 39
26 42
40 27
22 14
32 30
42 42
28 24
31 32
24 24
33 19
15 41
38 25
26 36
23 41
22 32
24 19
23 31
25 34
23 22
35 36
22 16
40 19
34 23
23 26
23 28
33 24
37 33
41 32
41 18
26 43
31 15
24 30
36 30
41 37
29 41
17 26
37 16
39 14
23 16
32 18
29 34
33 39
40 23
19 43
34 18
38 40
37 41
32 32
24 22
38 36
32 31
31 18
41 22
23 19
27 25
26 30
23 29
22 19
23 43
31 41
41 17
37 37
26 41
33 26
19 29
40 21
36 21
24 18
37 14
43 39
43 32
41 14
20 32
36 25
22 22
21 42
19 21
21 22
35 40
26 40
26 28
21 17
17 27
18 28
34 37
33 22
22 15
26 23
43 14
30 39
14 42
24 29
34 38
20 42
41 16
22 42
35 27
28 15
16 28
39 40
21 38
15 31
29 37
36 32
36 26
27 28
28 38
23 17
32 25
18 16
17 33
15 17
15 22
28 16
17 19
21 16
26 33
18 37
25 40
16 32
24 15
30 37
43 34
15 29
36 28
22 38
23 25
35 42
24 17
42 17
30 24
35 23
17 42
34 21
42 25
37 42
24 38
43 20
21 37
37 34
36 27
29 43
37 38
19 22
29 40
27 23
36 40
29 22
43 37
19 28
40 17
35 16
25 19
23 36
36 37
20 14
19 23
18 30
18 32
27 14
31 17
25 27
20 30
40 29
27 38
28 37
25 33
33 15
39 37
35 19
26 34
24 21
42 27
41 25
15 18
24 28
29 38
16 15
15 38
28 31
33 40
32 20
38 26
14 30
39 29
21 30
39 18
29 29
16 16
38 37
42 15
24 43
40 18
22 36
29 36
31 42
39 31
16 17
39 16
34 26
42 20
36 16
23 23
26 22
18 38
34 42
43 33
39 38
39 41
42 38
15 25
18 29
16 14
39 22
42 37
17 32
32 41
37 39
42 32
25 20
42 31
33 16
21 39
27 43
18 35
16 26
36 41
23 18
37 36
31 37
22 37
39 15
32 34
14 28
41 43
15 24
19 37
23 15
31 23
16 39
19 19
15 33
22 18
38 34
27 16
33 18
24 41
31 14
31 24
