59 289
33 17
24 43
36 34
26 23
33 32
35 29
27 39
17 22
36 27
42 34
36 22
21 31
33 41
19 30
16 26
18 29
29 27
22 30
18 32
20 32
30 31
43 22
14 37
22 28
24 33
36 35
20 38
37 20
39 15
22 18
25 22
36 30
38 22
25 31
39 14
16 20
41 36
30 33
27 22
26 30
33 33
28 28
43 39
30 39
20 39
39 26
16 34
21 40
33 18
20 17
29 42
25 35
17 40
18 25
23 22
22 17
17 31
32 21
20 40
33 14
31 31
36 24
36 37
26 29
24 42
41 28
27 30
16 15
19 23
33 15
25 39
27 43
19 14
25 20
16 17
42 19
30 22
25 27
31 14
31 20
18 41
38 43
17 35
34 38
26 41
17 42
19 34
17 21
39 33
32 18
34 42
16 22
42 14
15 15
33 21
21 30
34 34
40 16
42 18
40 33
18 21
35 34
35 43
34 37
41 43
15 38
41 16
19 41
38 36
26 39
14 18
32 27
22 35
36 17
41 37
16 19
19 16
15 26
24 32
20 24
41 39
40 38
29 14
35 40
24 24
33 28
41 33
27 27
26 43
39 32
21 26
30 19
18 43
18 27
43 15
20 23
29 24
18 37
14 35
30 25
21 32
17 18
33 30
15 25
39 39
31 29
37 37
14 15
25 36
35 39
30 17
37 38
29 34
27 18
32 43
24 38
23 31
37 31
27 16
43 20
28 29
37 25
38 15
22 14
28 23
40 19
40 35
27 21
42 26
16 29
42 29
43 41
24 23
36 28
31 39
24 37
43 19
29 19
41 38
40 30
40 14
21 15
38 34
33 22
27 40
18 35
42 15
19 24
38 27
14 23
37 24
18 18
38 18
23 41
41 20
22 39
27 37
14 25
40 18
20 37
42 28
38 28
28 21
41 26
37 34
15 18
23 40
21 37
34 31
43 37
28 22
32 41
22 24
41 32
28 19
15 27
29 28
19 33
39 20
17 20
40 39
24 28
37 30
15 33
32 29
36 42
28 33
40 28
34 39
31 34
31 17
34 19
24 29
40 34
35 23
28 15
27 20
14 29
36 15
23 29
39 43
35 32
19 26
36 32
16 32
14 22
17 26
30 41
43 21
15 32
40 20
15 31
30 34
23 18
26 25
30 40
29 15
39 38
30 36
32 32
33 31
21 24
28 39
41 19
32 38
43 33
14 31
16 14
17 37
30 20
29 40
21 16
41 25
36 33
42 32
17 30
38 32
28 20
20 15
25 42
17 25
30 15
35 33
40 23
27 29
35 20
17 14
22 21
32 20
