35 95
25 12
8 25
11 17
19 13
22 9
20 14
23 18
22 12
12 15
16 20
13 12
16 16
14 18
19 15
21 10
16 25
11 19
11 8
15 14
10 24
24 22
24 12
17 19
13 14
22 10
18 13
19 14
22 8
11 23
21 21
15 20
11 22
24 15
16 17
16 22
16 9
24 9
21 22
9 25
17 20
8 19
15 11
24 21
21 23
24 18
18 19
13 10
10 21
13 19
10 14
9 22
21 11
16 19
13 22
20 11
12 23
8 11
9 11
17 12
25 10
25 21
21 18
17 23
23 24
18 14
25 17
16 21
9 24
24 10
9 13
22 16
9 15
18 8
14 16
12 19
16 15
21 20
17 8
14 13
18 20
23 10
11 18
16 13
21 24
12 14
12 22
14 12
14 24
15 19
11 15
25 9
19 8
18 22
19 18
9 10
