39 89
15 28
16 27
18 19
10 23
20 18
11 11
9 27
28 13
13 17
9 9
10 13
20 11
18 16
27 17
20 12
13 20
17 9
11 17
28 14
23 28
21 26
15 15
24 20
12 9
20 10
22 18
28 28
13 18
28 9
28 17
19 18
20 25
17 15
26 21
12 28
14 15
14 18
24 14
14 14
14 26
10 14
27 12
28 16
13 19
25 21
27 26
23 14
9 14
24 15
9 23
20 9
19 11
18 20
26 9
23 9
11 27
12 27
14 19
27 20
16 11
24 24
16 22
21 24
26 20
21 10
9 26
16 20
12 14
12 10
24 17
9 15
27 25
24 19
11 22
19 19
18 9
23 10
26 28
9 12
17 16
17 12
24 10
16 17
24 9
15 18
20 20
13 22
18 15
16 24
