39 99
24 24
26 20
10 16
19 16
23 28
25 16
18 25
24 11
20 19
20 26
15 11
16 26
17 27
18 11
12 24
14 18
17 16
22 23
12 15
27 23
13 11
17 10
22 17
26 14
20 23
22 16
19 23
21 26
10 25
13 23
12 12
28 20
16 9
18 18
16 19
13 27
9 11
22 27
14 28
11 20
13 10
21 28
22 11
13 17
16 23
24 21
10 24
11 14
18 22
21 11
20 12
25 17
28 28
11 25
9 13
15 13
27 15
9 19
24 18
11 10
10 20
18 12
27 12
12 26
21 17
14 11
23 21
17 11
22 22
15 22
19 18
14 25
18 17
25 28
13 28
19 17
11 15
24 17
27 18
15 15
26 11
14 20
23 19
16 21
13 24
25 23
23 26
17 22
20 18
12 25
24 20
22 25
14 15
17 23
19 25
10 10
11 28
16 13
24 10
