39 109
9 15
21 28
21 20
14 22
16 9
20 12
27 19
11 26
12 15
22 27
13 27
16 22
17 9
18 27
13 18
23 14
13 9
17 28
27 21
18 9
18 24
12 22
28 15
16 13
28 18
11 27
26 16
28 9
28 17
11 22
23 22
20 26
16 18
18 19
15 22
15 24
24 13
19 11
9 16
27 15
23 25
9 25
20 24
16 20
18 11
9 11
17 22
12 26
10 17
15 27
26 28
23 19
22 9
25 28
28 21
20 19
27 25
10 22
10 19
20 27
18 28
17 23
16 21
9 28
13 25
9 12
25 21
18 10
18 22
10 26
10 14
17 14
16 19
13 28
12 25
27 14
16 23
21 21
19 10
11 24
28 12
28 25
22 19
27 27
15 16
17 21
19 20
22 21
9 22
23 9
19 18
25 9
24 20
24 26
19 15
13 14
25 18
17 13
25 17
12 19
23 17
9 19
24 11
14 25
24 12
20 9
22 20
14 28
22 23
