39 119
20 15
25 11
19 19
19 11
14 15
20 18
18 24
22 13
15 16
16 12
22 11
10 21
14 17
15 12
19 9
19 18
25 28
22 19
24 18
12 24
23 11
26 18
16 27
18 18
20 26
21 18
19 20
26 27
21 9
23 18
13 18
26 28
14 25
13 9
12 14
17 21
21 27
9 13
27 17
9 10
27 25
12 26
25 22
24 11
11 20
28 13
10 18
18 19
26 10
21 24
21 12
23 26
26 16
19 14
14 10
11 17
17 23
18 28
28 20
11 24
27 12
26 14
10 27
20 25
26 23
14 16
20 12
24 28
28 10
20 11
19 10
26 15
18 26
16 21
16 17
17 11
18 17
21 11
26 20
14 14
12 16
21 22
14 27
25 15
14 18
23 12
24 16
19 21
13 24
24 17
22 28
27 11
15 9
20 9
19 16
23 14
13 25
23 13
13 16
12 21
26 26
10 15
25 14
21 13
24 12
21 10
26 21
20 23
13 28
9 22
26 13
21 25
13 15
20 27
10 13
19 25
27 20
25 16
22 14
