43 83
16 20
22 30
20 23
17 18
28 23
14 16
17 29
23 16
15 26
20 22
19 12
26 10
17 21
16 17
11 22
29 20
18 18
15 17
22 25
19 22
30 25
23 17
18 23
31 14
20 12
25 31
29 15
10 21
15 29
24 14
14 12
29 18
16 23
22 12
21 17
30 12
13 24
19 24
15 31
28 18
14 22
13 23
21 29
13 11
24 27
28 16
26 17
10 15
12 12
26 27
13 13
29 26
24 31
30 24
31 12
29 14
24 13
28 22
30 28
25 23
30 20
18 13
21 14
30 19
13 21
12 18
22 22
10 22
24 30
25 21
23 24
14 10
28 29
12 21
27 28
27 16
22 20
13 19
20 31
21 15
10 12
19 31
22 16
