43 93
22 23
29 15
23 14
15 21
16 15
24 23
31 14
27 22
19 26
29 22
12 14
20 16
20 14
23 13
30 28
15 18
14 11
23 15
27 17
17 14
10 29
13 24
17 10
15 13
11 25
31 24
24 22
26 25
19 17
11 13
18 26
23 25
19 13
29 23
21 11
16 25
16 14
28 13
21 25
18 13
18 27
14 29
12 27
13 14
18 12
15 17
17 26
11 21
24 29
24 18
15 22
30 31
27 15
20 31
29 10
25 23
23 26
19 23
19 21
15 20
18 15
30 24
22 10
21 29
15 26
22 26
27 29
18 23
12 20
13 30
16 10
30 18
13 17
29 28
21 23
10 24
11 15
26 18
28 21
27 16
18 24
22 27
20 30
23 31
12 18
28 14
23 19
15 23
25 10
15 16
15 11
14 30
27 13
