43 103
29 27
10 27
10 23
20 16
12 27
31 31
10 18
23 13
25 17
31 25
19 16
26 19
28 20
14 27
31 14
26 25
12 31
29 14
16 12
24 16
25 14
21 21
28 30
22 31
22 18
26 11
22 20
28 27
14 29
25 12
14 20
21 28
31 28
24 15
15 22
24 29
22 10
30 29
19 11
20 28
12 25
16 24
29 16
12 22
18 18
11 25
15 14
15 29
28 14
22 12
18 27
27 30
21 18
29 12
21 20
20 21
25 24
14 25
10 29
28 16
17 21
22 21
22 28
31 19
29 20
14 19
22 19
21 26
24 19
28 25
16 26
18 31
25 27
23 14
30 24
27 12
24 11
12 23
12 11
11 17
17 19
30 16
13 14
26 16
28 18
30 22
31 17
14 10
25 26
20 17
26 20
18 30
22 13
30 18
11 13
19 24
25 15
20 30
11 26
10 20
15 13
22 25
16 30
