43 113
18 24
17 12
20 26
19 31
18 27
26 16
25 31
23 12
12 14
12 23
17 11
27 15
22 19
21 30
12 21
19 28
22 17
21 14
30 17
14 12
24 20
25 11
31 13
18 25
26 10
11 16
16 18
25 16
27 23
15 24
28 13
13 23
15 26
14 21
22 15
14 29
24 17
25 15
11 24
17 25
27 12
15 16
21 15
22 16
11 25
31 25
23 21
10 15
27 14
25 25
30 30
25 27
19 24
12 11
30 31
14 10
16 26
28 14
14 11
26 24
14 16
21 16
25 29
12 30
13 12
28 18
12 26
21 10
27 26
31 20
10 20
13 13
10 17
10 27
20 15
25 24
15 30
11 13
17 20
29 13
18 12
11 11
22 26
19 19
25 30
30 23
20 20
29 21
10 13
29 25
19 16
27 31
14 14
23 10
14 31
24 10
18 13
10 19
21 29
17 15
28 21
11 22
30 21
24 13
29 16
26 17
19 26
27 10
12 18
16 16
17 28
22 20
24 23
