43 123
19 30
30 20
28 20
12 30
16 24
14 30
23 21
30 21
19 14
31 25
29 13
22 20
15 19
21 16
29 30
22 21
17 25
26 15
27 18
22 25
25 12
12 11
12 22
11 12
23 27
27 12
20 20
27 13
23 11
28 16
10 17
25 15
20 29
27 26
29 18
28 26
13 28
28 23
20 10
21 28
29 26
28 11
16 16
21 20
29 11
13 27
30 26
20 19
22 15
15 27
16 26
20 12
17 11
14 19
19 20
23 29
27 22
30 24
20 27
21 12
28 28
23 15
19 31
15 17
16 17
23 14
24 29
20 14
17 10
30 11
15 11
18 15
13 10
10 10
10 14
30 10
18 30
15 16
21 14
15 26
11 17
22 16
27 25
29 20
20 30
21 17
31 12
26 27
14 25
14 16
17 31
15 20
13 16
22 27
15 24
29 23
28 21
12 12
10 23
20 25
24 11
18 26
30 13
14 22
30 17
24 31
27 11
24 25
17 16
25 17
13 21
26 26
16 15
23 13
19 26
20 15
27 27
15 31
27 23
28 19
10 12
19 10
16 18
