43 133
20 15
25 25
12 19
27 16
12 10
11 25
22 23
12 25
25 28
21 15
26 23
15 20
12 31
31 28
23 18
21 21
25 11
15 16
30 12
10 26
18 17
30 23
21 17
31 23
20 23
20 24
28 24
15 12
25 15
22 10
22 18
25 27
10 21
21 18
26 10
13 27
10 18
10 25
11 18
11 26
31 19
23 10
13 28
20 20
20 27
28 17
12 18
24 25
30 19
27 26
21 16
18 21
26 21
15 11
23 15
22 16
31 12
29 16
11 10
25 20
19 31
13 21
16 24
10 12
24 23
14 24
24 24
27 29
14 14
21 11
10 27
27 18
24 15
23 17
11 13
10 14
22 11
18 26
22 22
18 30
23 21
23 26
26 31
17 23
20 16
22 30
17 30
10 24
17 11
14 18
14 12
13 15
12 21
16 13
26 30
16 30
23 23
14 31
29 12
11 12
30 13
15 22
21 24
27 31
23 12
11 11
12 27
22 29
31 16
29 13
17 31
20 18
19 25
13 11
27 22
27 14
17 22
12 15
18 31
20 14
15 31
31 21
26 12
28 10
16 27
11 16
27 17
18 14
18 19
14 13
27 11
25 12
30 10
