43 143
23 17
28 22
10 12
24 31
13 20
16 12
16 14
25 14
22 21
19 30
21 14
29 23
10 14
10 29
13 30
14 20
17 23
23 31
30 15
31 30
30 14
30 11
18 14
19 17
20 18
31 21
20 27
20 24
10 16
12 10
11 27
10 25
13 27
12 17
23 27
28 16
12 28
24 20
11 26
24 27
16 20
19 23
23 18
28 24
28 10
21 18
12 12
14 30
22 20
16 18
17 29
16 21
17 24
31 28
17 13
30 23
25 29
10 31
31 29
26 26
19 27
10 18
21 16
26 16
31 12
28 28
26 27
18 16
29 18
26 13
28 31
23 24
21 24
21 20
24 22
24 23
11 13
10 23
28 11
18 28
22 16
12 31
21 21
10 19
16 27
26 23
19 29
13 28
25 22
29 25
23 22
24 28
15 13
25 26
12 26
10 15
13 16
11 14
22 31
14 23
19 14
12 27
23 23
28 14
12 22
17 14
25 12
18 15
27 12
15 22
31 25
10 17
19 15
15 19
31 20
21 31
21 19
14 19
16 29
29 27
30 22
27 29
25 11
12 30
22 24
24 30
24 12
17 10
11 29
15 15
30 30
12 16
20 25
16 17
20 10
16 16
28 18
10 30
12 19
29 26
23 26
28 20
15 26
