43 153
30 30
25 13
27 11
17 31
23 17
24 23
14 23
16 11
12 12
27 30
21 29
16 12
29 24
31 15
21 15
18 28
18 24
10 28
17 30
20 31
31 11
21 30
12 20
13 28
26 27
27 23
11 10
11 19
28 28
17 12
24 10
18 13
21 26
21 27
31 19
20 20
17 13
27 15
24 11
31 10
23 19
29 23
11 28
20 27
30 12
12 21
15 22
12 22
19 14
23 16
18 27
11 16
30 22
22 21
30 27
15 15
19 29
12 29
25 27
13 16
11 12
26 11
22 16
26 24
16 18
20 18
23 25
27 20
25 20
29 30
12 27
29 13
22 27
14 11
25 31
22 18
31 28
19 11
14 26
26 15
24 16
27 13
27 24
14 18
24 26
25 24
16 21
13 17
26 23
20 24
18 20
13 29
29 14
14 29
31 30
28 22
15 20
19 13
11 27
18 16
10 10
11 30
15 13
24 24
15 31
17 11
22 17
26 31
27 27
30 10
18 12
25 25
14 20
11 29
23 24
24 22
19 24
12 13
12 17
28 12
25 10
26 21
30 25
26 16
15 19
15 11
29 25
21 11
19 10
25 23
10 18
11 26
24 27
22 10
14 28
18 14
10 13
24 21
22 26
24 28
26 17
29 11
22 28
10 29
18 10
29 22
29 15
16 13
17 20
23 12
23 20
13 26
19 28
