47 87
30 34
32 22
25 31
24 33
11 12
26 23
14 16
14 11
25 14
25 28
31 27
28 32
13 24
24 31
16 17
13 14
23 11
20 34
13 11
11 11
25 29
32 28
26 15
22 21
32 14
15 19
23 16
17 15
24 29
21 33
23 28
28 15
28 28
15 26
33 25
14 25
17 13
15 23
26 27
22 11
14 12
18 11
26 25
29 11
14 32
22 29
32 33
28 20
33 30
21 22
28 16
13 20
16 19
11 15
14 21
15 12
16 23
22 26
31 32
16 15
22 15
19 18
21 25
14 15
29 30
18 15
31 13
26 11
32 23
17 11
28 30
25 19
27 33
14 23
13 33
34 11
28 34
32 34
20 23
16 31
27 12
30 32
25 16
11 33
19 22
22 16
33 24
