47 97
11 15
11 27
17 20
13 15
25 31
20 28
17 30
16 27
26 13
30 12
13 17
29 23
19 21
12 26
31 25
29 17
17 18
20 21
14 12
16 14
26 17
26 26
27 33
33 31
12 12
33 30
27 19
27 28
14 11
24 21
32 16
26 14
22 27
24 33
25 17
22 30
16 13
11 17
23 22
18 30
27 16
25 12
18 23
34 19
33 32
33 19
16 11
24 32
32 27
12 27
12 21
26 34
20 17
24 14
27 12
25 34
33 27
17 27
32 30
15 24
23 17
14 16
21 31
14 18
23 28
23 13
29 11
23 24
26 18
13 26
23 33
14 30
32 19
33 16
17 19
11 19
29 33
24 15
31 18
33 15
16 29
24 34
21 27
21 23
29 25
17 29
15 15
34 24
29 31
29 29
14 28
28 23
15 14
14 31
12 19
23 11
13 33
