47 107
24 23
23 19
13 29
28 14
17 15
30 23
24 13
16 18
19 27
17 30
19 30
34 19
24 29
21 26
12 19
19 11
13 18
15 15
33 18
26 16
34 32
19 26
25 31
27 32
18 33
11 21
22 26
15 12
21 31
20 23
16 25
18 21
31 12
26 12
24 27
22 17
17 17
24 14
32 13
27 21
28 12
27 31
27 13
15 34
24 21
18 31
31 25
27 20
14 26
25 13
34 22
11 33
31 21
14 16
28 32
19 12
31 18
27 12
27 17
28 22
21 14
34 15
20 12
31 13
20 20
17 20
12 23
25 14
20 34
28 24
32 15
18 15
17 16
16 11
24 33
17 18
16 28
34 29
25 16
24 16
23 23
27 23
15 14
33 16
24 19
20 32
21 13
21 27
32 11
29 31
34 25
25 18
17 14
19 33
15 22
32 31
27 28
13 32
20 33
34 17
28 27
28 34
18 17
29 15
27 24
21 16
20 13
