47 117
26 20
34 33
21 29
24 25
11 30
17 17
30 22
19 18
14 22
18 24
25 23
32 12
15 34
12 22
24 28
29 26
34 16
31 24
29 17
17 11
12 16
18 33
11 14
15 30
26 33
14 34
21 17
31 31
23 12
28 17
21 26
23 30
12 27
26 12
22 29
28 30
18 18
21 19
21 27
17 19
21 14
13 26
27 13
12 31
22 26
13 14
17 28
32 19
30 27
19 33
29 15
21 22
24 34
16 33
20 24
11 19
12 33
28 24
28 14
31 11
18 29
16 24
21 24
25 34
17 25
12 29
21 33
32 23
29 20
27 22
14 25
28 13
30 20
13 19
19 16
16 32
28 23
12 34
27 33
32 27
18 22
22 30
29 11
30 13
15 33
28 19
20 21
31 15
12 17
31 33
28 22
28 16
20 13
31 27
29 19
21 25
23 18
32 28
24 11
13 29
14 29
16 20
16 29
27 29
16 17
15 12
17 13
31 14
30 34
29 14
34 20
26 22
21 32
33 14
23 28
14 21
16 11
