47 127
11 32
17 17
12 30
21 23
24 11
33 32
23 19
25 18
26 24
30 19
11 24
33 14
29 27
24 18
31 31
16 29
21 33
24 32
15 17
29 17
31 14
22 15
33 21
17 15
21 18
13 29
13 16
24 17
15 20
32 29
23 14
23 11
12 22
28 18
32 28
12 28
31 20
25 31
31 22
19 27
25 26
21 17
19 13
32 11
27 17
19 17
29 14
13 32
24 19
17 12
23 27
17 27
27 20
26 14
17 24
31 11
15 22
25 21
33 25
28 16
29 23
32 20
14 30
28 27
18 31
21 22
20 21
34 27
31 27
28 14
17 14
30 11
28 31
33 23
11 20
33 24
30 23
31 21
32 27
12 23
20 26
14 13
11 29
12 25
17 11
30 22
20 13
20 24
22 33
33 29
14 22
34 21
19 15
14 17
22 11
21 13
11 27
23 34
16 24
34 32
23 31
12 12
15 13
11 15
20 28
21 15
25 17
18 16
26 23
24 29
25 33
17 26
28 29
12 15
34 19
21 12
22 30
27 21
14 33
32 22
32 32
24 20
19 20
24 25
17 18
13 28
20 20
