47 137
19 23
22 33
13 21
20 31
31 25
29 18
29 29
20 11
27 11
17 12
31 26
33 25
13 11
15 22
23 20
31 21
15 33
29 33
22 15
14 14
28 18
16 32
20 16
23 11
22 32
22 20
13 13
20 33
16 25
18 25
33 14
21 22
22 28
15 15
18 12
32 26
23 18
13 31
26 31
20 25
30 14
13 34
12 31
24 12
25 15
16 17
22 25
31 16
19 15
31 32
26 28
25 27
26 29
19 14
19 25
31 34
22 19
23 15
28 34
16 12
12 27
31 17
16 33
32 22
30 29
18 29
17 19
11 21
18 31
32 31
30 20
28 25
27 32
34 14
28 12
29 11
25 14
33 32
25 28
22 29
13 15
29 22
22 26
25 24
24 30
17 26
18 27
30 15
14 25
19 27
24 13
15 26
18 32
13 28
33 17
21 32
19 31
12 24
11 30
32 27
26 17
16 13
16 31
19 29
21 24
31 18
17 14
34 31
11 25
20 19
25 32
12 14
21 20
24 20
24 14
31 24
31 22
30 12
11 26
25 31
17 28
11 15
26 16
14 29
22 12
34 30
18 15
15 23
14 11
34 18
23 26
18 26
14 16
21 21
30 32
29 14
33 28
