47 147
28 26
31 15
20 28
21 24
17 27
30 29
31 20
29 33
30 23
12 24
22 21
28 24
19 23
18 21
26 23
13 16
18 28
28 25
23 27
19 34
16 12
24 31
22 16
24 22
34 30
13 15
17 30
25 34
12 14
31 22
27 13
20 17
15 21
26 11
28 34
21 32
22 15
19 30
13 14
19 16
33 21
28 23
27 11
13 31
11 23
28 20
26 30
28 33
22 19
34 26
14 18
28 22
19 33
21 23
33 11
18 16
33 18
34 27
12 33
34 12
16 23
29 25
17 25
31 16
34 16
11 18
26 32
14 16
14 24
25 17
27 22
31 27
12 17
25 12
24 14
15 29
24 16
33 23
19 15
16 34
14 32
29 32
12 11
24 32
15 11
26 17
14 17
14 30
23 32
30 17
22 29
21 20
23 19
19 17
32 27
33 32
29 22
22 11
32 30
18 27
13 20
11 26
32 17
32 28
24 26
31 31
24 33
12 20
13 25
28 18
18 19
31 32
19 13
15 16
22 28
26 19
27 30
22 30
19 32
17 17
25 16
22 20
15 27
26 31
19 20
28 27
24 25
16 24
30 16
32 24
22 14
26 20
31 19
34 25
21 13
26 21
32 29
30 30
21 28
32 21
14 26
29 17
21 18
30 13
13 22
16 22
32 13
