47 157
31 28
19 25
26 32
20 30
18 23
16 15
24 29
34 30
24 22
19 29
33 11
13 33
24 33
32 23
27 34
17 13
27 28
17 11
25 33
14 23
27 30
11 18
20 14
15 31
27 15
32 11
29 24
28 17
29 31
11 34
12 23
13 18
16 33
32 29
18 18
16 29
31 23
21 17
22 26
21 28
34 27
22 31
13 20
30 29
26 25
21 32
23 27
32 26
31 19
12 33
16 13
30 19
15 21
30 27
20 32
17 26
15 25
29 11
23 21
31 12
30 30
19 15
15 14
12 14
26 33
29 23
28 19
24 14
14 34
21 18
30 15
34 17
23 18
12 20
29 30
23 29
21 19
32 16
28 32
11 28
34 20
33 29
16 31
14 21
27 13
15 17
23 22
22 27
20 21
31 21
18 26
28 31
15 28
26 19
29 33
29 16
29 20
22 21
14 11
30 22
31 11
20 15
15 34
20 11
27 11
18 22
21 33
32 19
27 16
18 15
14 31
22 12
18 17
18 29
15 16
30 23
13 27
17 25
22 16
19 20
33 33
16 18
12 18
29 25
14 13
26 31
16 19
20 34
29 17
25 31
25 18
21 30
27 27
28 13
26 30
22 17
20 31
19 17
27 25
33 30
24 23
19 21
16 12
31 32
13 25
34 34
19 16
31 17
28 24
18 32
28 11
33 31
12 25
15 13
19 19
30 28
18 31
