47 167
16 12
13 31
20 34
19 21
30 27
16 18
29 16
30 30
17 16
34 20
13 30
25 17
25 27
28 15
34 31
17 26
22 17
23 16
11 17
17 11
32 26
22 23
18 16
23 14
18 24
13 15
31 19
23 23
28 32
30 32
12 28
28 22
29 19
33 20
33 32
34 18
12 14
34 11
22 15
13 18
20 29
12 27
34 19
16 33
18 23
32 27
22 13
27 11
12 15
24 14
18 12
30 34
16 31
26 14
15 15
30 29
11 30
26 16
15 23
30 33
26 33
15 27
11 22
29 29
21 26
34 17
19 24
14 19
16 30
16 26
17 18
33 25
20 24
30 19
16 21
27 23
32 16
16 29
27 24
12 18
18 11
17 28
19 31
27 28
17 25
24 26
16 25
15 24
11 14
32 21
25 15
32 32
20 19
23 26
19 27
21 22
27 32
20 16
21 24
28 19
30 31
31 27
34 34
33 17
33 19
29 25
27 13
15 18
15 30
21 14
32 24
31 13
19 18
34 12
16 23
30 28
29 26
21 30
33 30
22 20
26 29
23 28
16 20
19 32
20 22
25 31
29 14
29 22
34 16
14 12
15 12
29 20
27 26
14 11
22 11
14 22
20 28
21 16
22 27
15 14
18 13
25 14
28 23
28 17
33 11
32 31
12 20
26 15
13 22
11 23
31 15
33 13
34 29
28 20
16 11
23 17
19 17
34 24
20 12
29 28
30 22
32 34
21 15
15 17
33 29
17 13
13 26
