47 177
26 29
17 22
24 34
28 16
28 22
32 31
13 28
19 29
28 18
27 11
31 13
30 33
24 27
34 13
23 13
29 24
17 31
31 23
14 33
34 22
33 26
16 26
19 20
30 18
25 30
28 11
33 33
25 25
22 28
27 24
33 12
11 22
28 23
30 23
11 28
12 27
16 13
11 11
27 26
20 23
18 32
22 20
19 24
23 19
13 34
19 27
16 16
23 22
21 34
27 28
11 18
16 11
30 21
17 34
12 14
25 21
33 25
20 15
28 15
30 26
15 27
23 30
28 17
24 16
30 16
15 12
31 15
15 17
31 32
25 24
23 32
27 30
19 19
19 28
14 34
27 20
15 32
12 34
17 17
29 13
26 31
29 32
14 11
30 28
23 26
32 17
22 18
25 18
20 25
19 12
22 30
18 28
18 23
22 13
30 27
16 28
34 19
24 14
25 29
18 11
18 15
15 31
17 27
34 32
26 25
16 27
12 12
34 21
34 28
12 25
33 22
27 18
16 22
13 29
13 19
11 31
15 33
32 21
15 25
25 17
31 12
34 25
34 18
13 21
24 30
12 15
12 32
11 14
14 18
16 29
21 20
14 30
28 21
18 30
32 14
20 20
30 22
27 15
17 21
20 29
27 19
15 19
19 25
20 13
26 33
31 11
12 23
16 24
15 34
12 19
17 30
34 34
15 20
17 19
30 13
19 18
23 16
21 25
21 33
13 15
13 17
13 25
29 27
20 18
14 28
14 25
27 12
29 23
29 20
20 33
17 23
27 33
20 31
28 26
30 30
29 19
12 33
