50 100
16 26
15 26
12 27
30 32
16 17
13 22
27 20
17 17
17 18
30 13
21 27
22 21
15 24
35 13
29 31
16 29
12 36
33 32
14 14
17 23
37 14
31 16
26 36
18 22
25 13
18 16
29 36
19 15
36 23
21 31
17 29
22 27
12 17
31 32
30 28
32 25
28 23
29 33
17 13
25 16
16 22
17 37
32 19
24 16
37 32
14 28
14 33
36 12
21 22
19 24
19 16
32 36
31 33
31 20
26 23
25 22
36 25
33 20
33 21
16 13
28 17
20 34
24 23
18 25
28 32
26 29
22 26
23 22
18 37
13 13
17 21
27 15
36 28
32 17
37 31
13 36
33 12
19 17
14 22
18 31
21 34
29 20
30 20
32 18
25 31
20 28
20 25
23 31
35 32
26 37
36 19
25 23
17 31
29 15
27 35
14 15
28 29
12 20
34 24
33 30
